Tiempo ensamblado [s]   Tiempo solucion [s]   Tamaño 
0.021048500006145332   0.015382199999294244   10 
0.002541000001656357   0.0003811999995377846   20 
0.0027133000039611943   0.0003367000026628375   50 
0.0026360999981989153   0.00045400000090012327   75 
0.002808600002026651   0.00046609999844804406   100 
0.003584199999750126   0.0005699999965145253   300 
0.003290499997092411   0.00064820000261534   500 
0.005076499997812789   0.0005301999990479089   800 
0.04509859999961918   0.0007696000029682182   1000 
0.01376940000045579   0.0016394999984186143   5000 
0.014073799997277092   0.0021861999994143844   10000 
0.0142070000001695   0.0033941000001505017   14000 
0.01079320000280859   0.0022320999996736646   15000 
0.011641199998848606   0.002530300000216812   20000 
0.025245700002415106   0.01142239999899175   50000 
0.037091999998665415   0.01288600000407314   75000 
0.04673200000252109   0.012619100001757033   100000 
0.06619830000272486   0.01878230000147596   130000 
0.05807710000226507   0.020929999998770654   150000 
0.09491500000149244   0.03038419999938924   250000 
0.1794798000046285   0.06926329999987502   500000 
0.2286991000000853   0.0865159999957541   600000 
0.3206443999952171   0.12382509999588365   750000 
0.3513727999961702   0.12684879999869736   1000000 
0.744758400003775   0.25509699999383884   2000000 
1.4862867999981972   0.5131780000010622   4000000 
2.0210355000017444   0.7528288999965298   5500000 
2.286319899998489   0.8789004999998724   6250000 
2.73851360000117   1.0068587999994634   7500000 
3.2606449000013527   1.2591652999981306   9000000 
3.607507600005192   1.3832353000034345   10000000 
0.08814899999561021   0.0700451000011526   10 
0.003150700002152007   0.0002877000006265007   20 
0.0026228999995510094   0.00019279999833088368   50 
0.0026918000003206544   0.0004034000012325123   75 
0.003464200002781581   0.00049560000479687   100 
0.0031726000015623868   0.00027639999461825937   300 
0.003989800003182609   0.0006422000005841255   500 
0.006383100000675768   0.000268599993432872   800 
0.004987200001778547   0.0004250000056345016   1000 
0.006698199998936616   0.0008149999994202517   5000 
0.009198200001264922   0.000928000001295004   10000 
0.006816900000558235   0.0011347999970894307   14000 
0.006606200004171114   0.0011028000008082017   15000 
0.008977799996500835   0.0019823000038741156   20000 
0.020898199996736366   0.007323300000280142   50000 
0.0286638999969   0.009784099995158613   75000 
0.04246509999939008   0.01180939999903785   100000 
0.05414149999705842   0.023773899993102532   130000 
0.05358840000553755   0.01897099999769125   150000 
0.09119930000451859   0.03163199999835342   250000 
0.18175129999872297   0.0764975999991293   500000 
0.2452499999999418   0.09514510000008158   600000 
0.30487839999841526   0.12137169999914477   750000 
0.3783744000029401   0.14480960000219056   1000000 
0.7012413999982527   0.2792721000005258   2000000 
1.4474778000003425   0.528171600002679   4000000 
2.0912038999958895   0.7215584000005038   5500000 
2.32037069999933   0.8328318999992916   6250000 
2.7611873999994714   1.043669200000295   7500000 
3.485494700005802   1.2858884000015678   9000000 
3.8063748000058695   1.455241700001352   10000000 
0.12386800000240328   0.09716609999304637   10 
0.004777900001499802   0.0003555000002961606   20 
0.005085099997813813   0.0008371999938390218   50 
0.005755099999078084   0.0004793999978573993   75 
0.0043599999989965   0.0006209999992279336   100 
0.004994900002202485   0.0006970000031287782   300 
0.0053496999971685   0.0004371999966679141   500 
0.007607899999129586   0.0006797000023652799   800 
0.007933799999591429   0.0005822999955853447   1000 
0.011390199993911665   0.0010800000018207356   5000 
0.007765299997117836   0.0009500000014668331   10000 
0.009245400004147086   0.0011266000001342036   14000 
0.007572199996502604   0.0012167000022600405   15000 
0.009922899997036438   0.0022702999995090067   20000 
0.022853299997223075   0.009059999996679835   50000 
0.029303099996468518   0.010203100006037857   75000 
0.04661449999548495   0.014666099996247794   100000 
0.05884409999998752   0.027239299997745547   130000 
0.0617770999961067   0.028579799996805377   150000 
0.11335939999844413   0.030893400005879812   250000 
0.20534870000119554   0.07731210000201827   500000 
0.22568709999904968   0.07800000000133878   600000 
0.2799544999943464   0.10745719999977155   750000 
0.3744409000064479   0.14559000000008382   1000000 
0.7013084999998682   0.2874597999980324   2000000 
1.4207174999974086   0.5578872000041883   4000000 
2.003505499997118   0.729818100000557   5500000 
2.3904762000020128   0.8308462999993935   6250000 
2.6844342999975197   1.0155735999942408   7500000 
3.2703047999966657   1.1930289000010816   9000000 
3.8711128999930224   1.3136794999954873   10000000 
0.09050700000079814   0.0706690000006347   10 
0.002559699998528231   0.0001843999998527579   20 
0.004862099995079916   0.0004082999948877841   50 
0.00451220000104513   0.0005302999998093583   75 
0.002759300004981924   0.000345499996910803   100 
0.0038080000012996607   0.00026729999808594584   300 
0.02734729999792762   0.0008818999995128252   500 
0.008754100002988707   0.0008592000012868084   800 
0.008033700003579725   0.0006773999994038604   1000 
0.011157000000821427   0.000977699994109571   5000 
0.009740199995576404   0.0010513000015635043   10000 
0.006520900002215058   0.0011955999943893403   14000 
0.0056941000002552755   0.0011598999990383163   15000 
0.011516399994434323   0.0017296000005444512   20000 
0.020957700005965307   0.007411499995214399   50000 
0.029731299997365568   0.0099733999959426   75000 
0.037372599996160716   0.018454299999575596   100000 
0.05622479999874486   0.02447270000266144   130000 
0.06301719999464694   0.02233179999893764   150000 
0.1216435000023921   0.0342882000040845   250000 
0.20983529999648454   0.0741626000017277   500000 
0.23907989999861456   0.0793545999986236   600000 
0.2692211999965366   0.12292860000161454   750000 
0.3564174999992247   0.12899489999836078   1000000 
0.7644498000008753   0.2666131000005407   2000000 
1.489250800004811   0.5055553999991389   4000000 
2.001767200003087   0.7425629000063054   5500000 
2.255795199998829   0.8734545999977854   6250000 
2.730330200000026   1.0014071999976295   7500000 
3.2589249000011478   1.2039764000001014   9000000 
3.7688621999986935   1.4778547999958391   10000000 
0.08880930000304943   0.07923179999488639   10 
0.0024484999958076514   0.00016760000289650634   20 
0.0025181000019074418   0.00020290000247769058   50 
0.0033408000017516315   0.0006053000033716671   75 
0.002561900000728201   0.000440200004959479   100 
0.004059400002006441   0.0005024999991292134   300 
0.003644900003564544   0.0006657999983872287   500 
0.004204400000162423   0.0004716000039479695   800 
0.0039551999943796545   0.00038669999776175246   1000 
0.007133400002203416   0.0008756000024732202   5000 
0.009345500002382323   0.0008968999973149039   10000 
0.007078800001181662   0.0015170999977272004   14000 
0.0078005000032135285   0.0011490999968373217   15000 
0.010177899996051565   0.001491900002292823   20000 
0.020159500003501307   0.007895000002463348   50000 
0.03220440000586677   0.009837999998126179   75000 
0.04139269999723183   0.014428199996473268   100000 
0.05216760000621434   0.018866599995817523   130000 
0.05172770000353921   0.020082000002730638   150000 
0.09186200000112876   0.03417940000508679   250000 
0.18755890000466025   0.09078790000057779   500000 
0.2689073999936227   0.09013469999626977   600000 
0.3121934000009787   0.12076610000076471   750000 
0.3818341000005603   0.13577290000102948   1000000 
0.7395760999934282   0.2881418999968446   2000000 
1.4517434000008507   0.5606819000022369   4000000 
2.0115270000023884   0.7237745999955223   5500000 
2.2693914999981644   0.8297877000004519   6250000 
2.686136800002714   0.9987019000036526   7500000 
3.3134705999982543   1.2133845999996993   9000000 
3.6574516000036965   1.4365294999952312   10000000 
0.0920925000027637   0.06784060000063619   10 
0.0023595000020577572   0.00016689999756636098   20 
0.0023090999966370873   0.00018110000382876024   50 
0.0029874000028939918   0.00047389999963343143   75 
0.002560000000812579   0.0003789999973378144   100 
0.0036232999991625547   0.0004378000012366101   300 
0.004351499999756925   0.0004084999964106828   500 
0.005355799999961164   0.0003603000004659407   800 
0.005412799997429829   0.0008856000058585778   1000 
0.008459199998469558   0.0009296999996877275   5000 
0.007595399998535868   0.0009501999957137741   10000 
0.007668599995668046   0.0012821999989682809   14000 
0.006714399998600129   0.001131199998781085   15000 
0.00926150000304915   0.0019849000018439256   20000 
0.025017099993419833   0.011424399999668822   50000 
0.0324211999977706   0.00931529999797931   75000 
0.04375679999793647   0.014243199999327771   100000 
0.059900499996729195   0.02200299999822164   130000 
0.05922410000493983   0.024511199997505173   150000 
0.10918110000056913   0.03681279999727849   250000 
0.221647699996538   0.07384340000135126   500000 
0.22794439999415772   0.08031309999933   600000 
0.2746980000010808   0.10400919999665348   750000 
0.37797719999798574   0.13347849999991013   1000000 
0.7574517000030028   0.2544784999990952   2000000 
1.4833623000013176   0.513520200001949   4000000 
2.0027986000059173   0.7452154999991762   5500000 
2.2792977999997674   0.8764873000036459   6250000 
2.7515647999971407   1.117580199999793   7500000 
3.2221165000009933   1.2286915000004228   9000000 
3.6020073000036064   1.3698164000015822   10000000 
0.10284279999905266   0.08181119999790099   10 
0.002753399996436201   0.00022870000248076394   20 
0.002418999996734783   0.0006990000038058497   50 
0.002510800004529301   0.00021809999452671036   75 
0.003507299996272195   0.00023070000315783545   100 
0.003911699997843243   0.0006004000024404377   300 
0.003874400004860945   0.0006357000020216219   500 
0.0064168999961111695   0.00043030000233557075   800 
0.010609099997964222   0.0005160000000614673   1000 
0.009677399997599423   0.0007125999982235953   5000 
0.009622999998100568   0.001491100003477186   10000 
0.009240300001692958   0.0013235999940661713   14000 
0.0057620999941718765   0.001254700000572484   15000 
0.008866500000294764   0.0015119999952730723   20000 
0.025599799999326933   0.009801400003198069   50000 
0.03746089999913238   0.014720800005306955   75000 
0.05275380000239238   0.017983400000957772   100000 
0.06127289999858476   0.020837700001720805   130000 
0.06734119999600807   0.023850799996580463   150000 
0.10597349999443395   0.034752299994579516   250000 
0.19657459999871207   0.06744500000058906   500000 
0.2117392000000109   0.08313649999763584   600000 
0.2794531999970786   0.09426460000395309   750000 
0.36942029999772785   0.1422489000033238   1000000 
0.7412630000035278   0.29298299999936717   2000000 
1.4951971999980742   0.5306015000023763   4000000 
1.9995080000007874   0.7702016999974148   5500000 
2.3129894000012428   0.8229285999987042   6250000 
2.7343211000043084   1.0078028999996604   7500000 
3.4006239999944228   1.2033969999974943   9000000 
3.665809199999785   1.3539997999978368   10000000 
0.0952497999969637   0.07010979999904521   10 
0.0025534999949741177   0.00020079999376321211   20 
0.0024543999970774166   0.00047930000437190756   50 
0.002308999995875638   0.0001940000001923181   75 
0.0028562000006786548   0.00036270000418880954   100 
0.003467100003035739   0.0004658999969251454   300 
0.0037072999984957278   0.0006407000037143007   500 
0.005388899997342378   0.00045959999988554046   800 
0.00596899999800371   0.0005335000023478642   1000 
0.007627700004377402   0.000690199995005969   5000 
0.0064149000027100556   0.0008887000003596768   10000 
0.00702100000489736   0.001073999999789521   14000 
0.007910400003311224   0.0011756999956560321   15000 
0.008367700000235345   0.0014587000041501597   20000 
0.025053299999854062   0.007167799994931556   50000 
0.026613699999870732   0.010183599995798431   75000 
0.03792239999893354   0.018123599998943973   100000 
0.052089300006628036   0.02130359999864595   130000 
0.06907380000484409   0.023859900000388734   150000 
0.10160119999636663   0.037822300000698306   250000 
0.21187830000417307   0.07425300000613788   500000 
0.25265690000378527   0.08663560000422876   600000 
0.27841279999847757   0.09697020000021439   750000 
0.36363710000296123   0.13235659999918425   1000000 
0.7661395999966771   0.26301470000180416   2000000 
1.4557811000049696   0.542286799995054   4000000 
1.9874638999972376   0.7352643999984139   5500000 
2.299328000000969   0.864561300004425   6250000 
2.7198484999971697   1.0254698999997345   7500000 
3.2147627000013017   1.2438121999948635   9000000 
3.608488399993803   1.3620733999996446   10000000 
0.08624250000139   0.06885830000101123   10 
0.003153600002406165   0.0001714999962132424   20 
0.0041368000020156614   0.0003552999987732619   50 
0.0031783000013092533   0.0005536999960895628   75 
0.002558899999712594   0.0001928000056068413   100 
0.003641899995272979   0.0004813999985344708   300 
0.004128200002014637   0.0005510999981197529   500 
0.005375400003686082   0.00040100000478560105   800 
0.007531799994467292   0.0006919000006746501   1000 
0.012645700000575744   0.0010379000013926998   5000 
0.012231300002895296   0.0009902000019792467   10000 
0.008180899996659718   0.0017210000005434267   14000 
0.007114300002285745   0.0017108999963966198   15000 
0.008417600001848768   0.0020713000048999675   20000 
0.02500339999824064   0.00691690000530798   50000 
0.028862799998023547   0.011868200002936646   75000 
0.040846700001566205   0.012687199996435083   100000 
0.06997930000216002   0.02226459999656072   130000 
0.05909090000204742   0.02114630000141915   150000 
0.09920229999988806   0.037210299997241236   250000 
0.19464049999805866   0.06861260000005132   500000 
0.22864979999576462   0.09618010000122013   600000 
0.27039350000268314   0.10123129999556113   750000 
0.3649535000004107   0.13954799999919487   1000000 
0.7302321999959531   0.25277120000100695   2000000 
1.4810811999996076   0.5106911000038963   4000000 
2.266283299999486   0.7118574000051012   5500000 
2.322085199994035   0.8360334000026342   6250000 
2.774368600003072   1.1048603000017465   7500000 
3.325122399997781   1.2201394000003347   9000000 
4.001524499995867   1.605333999999857   10000000 
0.0970660000020871   0.0816804999994929   10 
0.0035274000038043596   0.000225800002226606   20 
0.003122800000710413   0.00027969999791821465   50 
0.004013400000985712   0.00047259999701054767   75 
0.0038777000008849427   0.00032500000088475645   100 
0.005103499999677297   0.0005342999938875437   300 
0.004958500001521315   0.0007580999954370782   500 
0.007944299999508075   0.0011885999992955476   800 
0.00799869999900693   0.0005057999951532111   1000 
0.010000700000091456   0.0008127999972202815   5000 
0.011334999995597173   0.0011852000025101006   10000 
0.005153900005097967   0.001443100001779385   14000 
0.006154999995487742   0.0012262000018381514   15000 
0.008012799997231923   0.0015216999963740818   20000 
0.025135099996987265   0.00927619999856688   50000 
0.030218599997169804   0.010109800001373515   75000 
0.04558970000653062   0.018067500001052395   100000 
0.07734889999846928   0.020457999999052845   130000 
0.05497270000341814   0.02158909999707248   150000 
0.09670680000272114   0.03427139999985229   250000 
0.2027587999982643   0.073829900000419   500000 
0.24303189999773167   0.09073910000006435   600000 
0.31127720000222325   0.10613130000274396   750000 
0.3780191999976523   0.1244896999996854   1000000 
0.7510720999998739   0.276309200002288   2000000 
1.4546991999959573   0.55912740000349   4000000 
2.0154523000019253   0.7472027999974671   5500000 
2.2944408000039402   0.950530100002652   6250000 
2.8054217000026256   1.0135478000011062   7500000 
3.3960260000021663   1.2803147000013269   9000000 
3.914301400000113   1.381913600002008   10000000 
