Tiempo ensamblado [s]   Tiempo solucion [s]   Tamaño 
0.1585692000007839   0.06832140000187792   4 
7.429999823216349e-05   1.3900003978051245e-05   7 
9.280000085709617e-05   2.0799998310394585e-05   10 
6.340000254567713e-05   1.2299999070819467e-05   20 
0.00010869999823626131   4.9500005843583494e-05   50 
0.00013490000128513202   0.0001779000012902543   70 
0.00013989999570185319   0.00015419999544974416   85 
0.0002327999973203987   0.00016850000247359276   100 
0.0008558000045013614   0.0003008999992744066   150 
0.0005887000006623566   0.0004734999965876341   200 
0.0016849999956320971   0.0008633999968878925   250 
0.002184199998737313   0.0012898999993922189   300 
0.005682299997715745   0.003183300003001932   400 
0.00770100000227103   0.006714399998600129   500 
0.028925600003276486   0.021755000001576263   750 
0.03243039999506436   0.021913900003710296   800 
0.044287299999268726   0.04336920000059763   950 
0.05038359999889508   0.04338660000212258   1000 
0.07536219999747118   0.08669249999366002   1250 
0.10536359999969136   0.12153289999696426   1400 
0.12433880000025965   0.2172772999983863   1500 
0.20673940000415314   0.1938363999943249   1650 
0.1973442000016803   0.3319349000012153   1850 
0.24874560000171186   0.31577780000225175   1950 
0.24365250000118976   0.3731245000017225   2000 
0.41555350000271574   0.6130936999979895   2400 
0.7445760999980848   1.7081915000017034   3300 
1.5767527000061818   4.617330900000525   4600 
1.9386948000028497   5.566288399997575   5000 
6.78632220000145   26.050821100005123   7500 
29.126895599998534   59.576455400005216   10000 
1.8397764000037569   0.5218437000003178   4 
0.00023800000053597614   0.00025489999825367704   7 
0.00020379999477881938   0.0001142999972216785   10 
0.00024539999867556617   2.149999636458233e-05   20 
0.0007659000038984232   6.819999543949962e-05   50 
0.0004779999944730662   0.0003947000004700385   70 
0.0005807999987155199   0.0002556999970693141   85 
0.0014635000043199398   0.00028359999851090834   100 
0.0016505000021425076   0.0005845999985467643   150 
0.0030196000006981194   0.0010363999972469173   200 
0.004657999998016749   0.0013571000017691404   250 
0.0037033000044175424   0.0020953999992343597   300 
0.008627600000181701   0.006513199994515162   400 
0.016818000003695488   0.011860299993713852   500 
0.04686799999763025   0.03287290000298526   750 
0.05221809999784455   0.03327050000370946   800 
0.07234229999448871   0.06319040000380483   950 
0.08331580000231043   0.060514200005854946   1000 
0.12689659999887226   0.12476189999870257   1250 
0.15710759999637958   0.18428339999809396   1400 
0.1901365000012447   0.21900160000222968   1500 
0.25406800000200747   0.28529790000175126   1650 
0.3342265999963274   0.4197920000005979   1850 
0.37521550000383286   0.438968800001021   1950 
0.3759295999989263   0.4762364000052912   2000 
0.5714523000060581   0.7893552999958047   2400 
1.0774313999936567   2.0756013999998686   3300 
2.124742399995739   5.394503800001985   4600 
2.615409700003511   6.829451599995082   5000 
5.83362159999524   22.73674800000299   7500 
27.838538800002425   53.31250649999856   10000 
0.6403412999934517   0.2783884000018588   4 
0.0002900000035879202   3.7099998735357076e-05   7 
0.00028639999800361693   6.10999995842576e-05   10 
0.00024199999461416155   2.0799998310394585e-05   20 
0.0005291000052238815   6.269999721553177e-05   50 
0.0005280999976093881   0.0003690000012284145   70 
0.0008423000035691075   0.00033989999792538583   85 
0.0010723000013967976   0.00018979999731527641   100 
0.0018309000006411225   0.0005560999998124316   150 
0.003085700001975056   0.0009355999936815351   200 
0.004602300003170967   0.0015166000011959113   250 
0.003639400005340576   0.0020172000004095025   300 
0.010768100000859704   0.004823200004466344   400 
0.014143300002615433   0.01370150000002468   500 
0.057124999999359716   0.03578169999673264   750 
0.050725799999781884   0.030629900000349153   800 
0.06960629999957746   0.06422789999487577   950 
0.07701280000037514   0.06397049999941373   1000 
0.12200520000624238   0.12448389999917708   1250 
0.16646639999817125   0.18495790000451962   1400 
0.2092770000017481   0.2090167999995174   1500 
0.25653130000137025   0.2760049999997136   1650 
0.3538763000033214   0.39116849999845726   1850 
0.3822421000004397   0.42694420000043465   1950 
0.3962226000003284   0.4764592999999877   2000 
0.574312299999292   0.7584426000030362   2400 
1.1173904000024777   2.0272755000041798   3300 
2.117109499995422   5.233092499998747   4600 
2.5703522999974666   6.630316599999787   5000 
6.1977774999977555   22.5373885999943   7500 
14.694198600001982   54.370085999995354   10000 
1.2908047000018996   0.4620625999959884   4 
0.0006014000027789734   2.4300003133248538e-05   7 
0.0003060999952140264   2.849999873433262e-05   10 
0.0003611000065575354   3.640000068116933e-05   20 
0.5265491000027396   0.9191331999973045   50 
0.0004932000010740012   0.0004135000053793192   70 
0.0011419000002206303   0.0005164999965927564   85 
0.0015655000024707988   0.0005840999947395176   100 
0.0027585000061662868   0.0009393000000272878   150 
0.004130100001930259   0.001600999996298924   200 
0.009774199999810662   0.05502359999809414   250 
0.006771699998353142   0.004693100003350992   300 
0.016110099997604266   0.0067127000002074055   400 
0.010785499995108694   0.010380799998529255   500 
0.29493039999942994   0.03259609999804525   750 
0.047413200001756195   0.030328900000313297   800 
0.06983970000146655   0.05203579999943031   950 
0.07080890000361251   0.061936800004332326   1000 
0.12200809999922058   0.11485450000327546   1250 
0.14021510000020498   0.16203030000178842   1400 
0.1803615000026184   0.20372620000125607   1500 
0.23980559999472462   0.2757513000033214   1650 
0.34077090000209864   0.5258075000019744   1850 
0.3752001999964705   0.5305623999956879   1950 
0.3964778000008664   0.6251854000001913   2000 
0.5916412000005948   1.131622500004596   2400 
1.0659994999950868   2.4731821000023047   3300 
2.0581109000049764   6.515834699996049   4600 
2.672098900002311   7.219011799999862   5000 
5.7304118999963976   23.58944110000448   7500 
11.920340199998464   53.723608699998294   10000 
0.3224723000021186   0.32412050000129966   4 
0.00021540000307140872   2.2300002456177026e-05   7 
0.0001688999982434325   2.2400003217626363e-05   10 
0.0007150000019464642   8.669999806443229e-05   20 
0.0011210000011487864   0.0002905000001192093   50 
0.001250399996933993   0.0005297000025166199   70 
0.0012210000058985315   0.0004210999977658503   85 
0.0017785000018193386   0.00034469999809516594   100 
0.2993048999996972   0.20147930000530323   150 
0.003310699998110067   0.0013411999971140176   200 
0.005694699997548014   0.0019768999991356395   250 
0.005036499998823274   0.002851699995517265   300 
0.011844600005133543   0.00490669999999227   400 
0.01426260000152979   0.009403299998666625   500 
0.04932619999453891   0.035456300000078045   750 
0.6982037999987369   0.031360399996628985   800 
0.07016719999955967   0.0490434000021196   950 
0.08009019999735756   0.06701799999427749   1000 
0.12955630000215024   0.1366487999985111   1250 
0.1596306999999797   0.17381249999743886   1400 
0.19140219999826513   0.19807590000709752   1500 
0.25815639999927953   0.2763636999952723   1650 
0.3320313000003807   0.3884137000059127   1850 
0.3849971000017831   0.45739989999856334   1950 
0.3830367999980808   0.46432089999871096   2000 
0.5740230000010342   0.7562763000023551   2400 
1.0312993999978062   1.9978005000011763   3300 
2.1265205000017886   5.365589500004717   4600 
2.6460709999955725   6.781910300000163   5000 
5.835864900000161   22.72659830000339   7500 
10.741141400001652   54.61809010000434   10000 
0.5817270000043209   0.4828412999995635   4 
0.00024310000299010426   2.710000262595713e-05   7 
0.00015559999883407727   2.849999873433262e-05   10 
0.17805309999675956   3.139999898849055e-05   20 
0.09542500000679865   5.709999823011458e-05   50 
0.0003097000007983297   0.00026700000307755545   70 
0.0004873000070801936   0.00032160000409930944   85 
0.0008866000061971135   0.000302100001135841   100 
0.001639399997657165   0.0006324000059976242   150 
0.0020231000016792677   0.0009285999985877424   200 
0.004240400005073752   0.0017324000000371598   250 
0.002693300004466437   0.0028049999964423478   300 
0.01112950000242563   0.005141900001035538   400 
0.014834600005997345   0.008870500001648907   500 
0.0381995999996434   0.033074800005124416   750 
0.05222900000080699   0.04002290000062203   800 
0.20304480000049807   0.06822310000279685   950 
0.09182770000188611   0.06767129999934696   1000 
0.12323299999843584   0.12142560000211233   1250 
0.17426890000206186   0.18173110000498127   1400 
0.1697176000016043   0.21058669999911217   1500 
0.2335181000016746   0.27183209999930114   1650 
0.317163800005801   0.35560719999921275   1850 
0.34351329999481095   0.4372245999984443   1950 
0.37329650000174297   0.43496450000384357   2000 
0.527674200006004   0.7756203000026289   2400 
1.0301228999960585   2.0355061999944155   3300 
2.149475499994878   5.36253410000063   4600 
2.5946591000029002   6.682552199999918   5000 
5.902686800000083   22.842275199996948   7500 
9.815099699997518   55.19380809999711   10000 
0.31061249999766005   0.1501628999976674   4 
0.000112900001113303   2.0699997548945248e-05   7 
0.00013480000052368268   1.2999997125007212e-05   10 
0.00017260000458918512   1.9099999917671084e-05   20 
0.0006970000031287782   0.00016250000044237822   50 
0.0006840999994892627   0.00046800000563962385   70 
0.0011118000038550235   0.0003524999992805533   85 
0.001756300000124611   0.0003437000050325878   100 
0.0023277000000234693   0.1997895000022254   150 
0.0805361999955494   0.0014557999966200441   200 
0.004840800000238232   0.0024578000011388212   250 
0.003969099998357706   0.004303199995774776   300 
0.013726999997743405   0.006420099998649675   400 
0.016437699996458832   0.00900040000124136   500 
0.048831000000063796   0.030815500002063345   750 
0.05540170000313083   0.12978010000369977   800 
0.07515830000193091   0.054768300004070625   950 
0.07846199999767123   0.06720730000233743   1000 
0.13834630000201287   0.12818569999944884   1250 
0.17049860000406625   0.1947954999996   1400 
0.20433849999972153   0.21409229999699164   1500 
0.2723065000027418   0.28300400000443915   1650 
0.34705290000420064   0.3736044000033871   1850 
0.37938730000314536   0.43299819999811007   1950 
0.38734159999876283   0.46281720000115456   2000 
0.5687480999986292   0.7601746999935131   2400 
1.1115516999998363   1.956803699999   3300 
2.1280256000027293   5.320966400002362   4600 
2.525439600001846   7.294184500002302   5000 
7.730028400001174   23.93723509999836   7500 
10.915759000003163   53.25109469999734   10000 
0.34309099999518367   0.16580249999969965   4 
0.00019319999410072342   2.7000001864507794e-05   7 
0.00014849999570287764   1.930000144056976e-05   10 
0.0002815000043483451   5.8200006606057286e-05   20 
0.0007708999983151443   0.00047819999599596485   50 
0.0013890000045648776   0.00028390000079525635   70 
0.0013446000011754222   0.0003186000030837022   85 
0.0017013000033330172   0.0004631000047083944   100 
0.002657800003362354   0.0006751000037183985   150 
0.003787900001043454   0.0011089999970863573   200 
0.005371500003093388   0.0017932999980985187   250 
0.005164100002730265   0.0029649999996763654   300 
0.013787199997750577   0.0061921999949845485   400 
0.016085600000224076   0.012013200001092628   500 
0.05557609999959823   0.03356480000365991   750 
0.051521699999284465   0.03191969999897992   800 
0.08108219999849098   0.06764839999959804   950 
0.20930800000496674   0.06169210000371095   1000 
0.1279740000027232   0.12578750000102445   1250 
0.18218740000156686   0.17609190000075614   1400 
0.20295269999769516   0.20822709999629296   1500 
0.27603719999751775   0.2682053000025917   1650 
0.3462855000034324   0.36526819999562576   1850 
0.3867854999989504   0.4208488000003854   1950 
0.3809024000001955   0.4599528000035207   2000 
0.5712720000010449   0.7504158000010648   2400 
1.1225316999989445   1.9921287000033772   3300 
2.125535099999979   5.363345899997512   4600 
2.479583000000275   6.857777100005478   5000 
5.9578776999987895   22.597752999994555   7500 
10.705028700002003   52.325415400002385   10000 
0.30663690000073984   0.1425320999987889   4 
0.0001697999978205189   2.0300001779105514e-05   7 
0.0001340000017080456   2.0899999071843922e-05   10 
0.003089199999521952   2.970000059576705e-05   20 
0.0014072000049054623   0.0003240000005462207   50 
0.0008162000012816861   0.0003184999950462952   70 
0.0012820999982068315   0.0002877000006265007   85 
0.00199830000201473   0.00029180000274209306   100 
0.00313359999563545   0.0005670000027748756   150 
0.0035975999999209307   0.0009025999970617704   200 
0.005431300000054762   0.0017594000019016676   250 
0.00470109999878332   0.002575099999376107   300 
0.009906599996611476   0.004446200000529643   400 
0.013097100003506057   0.009423200004675891   500 
0.06183669999882113   0.028146399999968708   750 
0.0511012999995728   0.05403410000144504   800 
0.07337560000451049   0.06036370000219904   950 
0.08061730000190437   0.060357700000167824   1000 
0.1275069999974221   0.11144819999753963   1250 
0.15056609999737702   0.16930239999783225   1400 
0.1886108000035165   0.20765550000214716   1500 
0.24171980000392068   0.26915630000439705   1650 
0.31140180000511464   0.38095919999614125   1850 
0.35244629999942845   0.44600920000084443   1950 
0.3702544999978272   0.45807890000287443   2000 
0.5584993000011309   0.779254300003231   2400 
1.1064979000002495   1.9779498999996576   3300 
2.082520799995109   5.305558200001542   4600 
2.5428836999999476   6.696183899999596   5000 
5.7843348999958835   23.47593909999705   7500 
11.084992799995234   55.815666199996485   10000 
0.37736969999969006   0.24276749999989988   4 
0.00017389999993611127   2.1399995603132993e-05   7 
0.000112599998828955   1.8900005670730025e-05   10 
0.000320400002237875   1.5400000847876072e-05   20 
0.0017005999980028719   0.00013419999595498666   50 
0.00145160000101896   0.00047360000462504104   70 
0.0013977999988128431   0.0004726000042865053   85 
0.0017623999956413172   0.0003766000008909032   100 
0.002795400003378745   0.0008149999994202517   150 
0.004480999996303581   0.0015175000007729977   200 
0.005746700000599958   0.0022301999997580424   250 
0.004675399999541696   0.007079199996951502   300 
0.013762999995378777   0.005706500000087544   400 
0.01696450000599725   0.01583299999765586   500 
0.06152480000309879   0.03419929999654414   750 
0.05829030000313651   0.04636190000019269   800 
0.08320340000500437   0.09488140000030398   950 
0.09692949999589473   0.07084829999803333   1000 
0.17031799999676878   0.14988430000084918   1250 
0.1757521999970777   0.20204240000020945   1400 
0.19679460000043036   0.2153212999983225   1500 
0.2560063999990234   0.2783440999992308   1650 
0.34967519999918295   0.4360086999949999   1850 
0.37533869999606395   0.4993752000009408   1950 
0.4436213000008138   0.5235568000061903   2000 
0.6307381000005989   0.9823842999976478   2400 
1.1702816000033636   2.338867999998911   3300 
2.2926441000017803   6.013125299999956   4600 
2.4822166000012658   6.934931300005701   5000 
5.930059799997252   24.65883510000276   7500 
11.485811100006686   54.01940879999893   10000 
