Tiempo ensamblado [s]   Tiempo inversa [s]   Tamaño 
0.0001772   1.2233825   4 
0.00031730000000007585   0.0007626000000000577   7 
0.00015570000000009188   0.0005720999999998533   10 
0.00027860000000012874   0.46797599999999995   20 
0.00048060000000016423   0.2269778   50 
0.0031484999999999985   0.27994039999999987   70 
0.0007928000000001489   0.018753999999999937   85 
0.0008646999999997185   0.0039709000000001105   100 
0.001069600000000115   0.019170599999999816   150 
0.001475000000000115   0.0038255999999998735   200 
0.0030548999999999715   0.00536929999999991   250 
0.0024902999999998343   0.003583799999999915   300 
0.003823000000000132   0.006961599999999901   400 
0.005243000000000109   0.014733799999999686   500 
0.019021400000000188   0.03419490000000014   750 
0.016424799999999795   0.02937719999999988   800 
0.02211770000000035   0.05710109999999968   950 
0.027239199999999908   0.06934230000000019   1000 
0.05352939999999995   0.12420929999999997   1250 
0.06261779999999995   0.1887631999999999   1400 
0.07818769999999997   0.19504290000000024   1500 
0.08429169999999964   0.2848999000000001   1650 
0.12827810000000017   0.36754169999999986   1850 
0.13548680000000068   0.4397297   1950 
0.13592219999999955   0.4613329000000004   2000 
0.19014350000000046   0.8223905999999994   2400 
0.37249609999999933   2.0298824   3300 
0.7902747999999988   5.236182600000001   4600 
0.8567563000000007   6.247375799999999   5000 
1.9626915999999994   19.642263099999997   7500 
3.6212234999999993   44.7355856   10000 
0.10054819999999154   0.1180459000000127   4 
7.860000000903256e-05   0.00036120000000039454   7 
4.6599999990348806e-05   0.0003891000000066924   10 
7.709999999860884e-05   0.00024700000000166256   20 
0.00027570000000309847   0.0006003999999961707   50 
0.0002444999999937636   0.0033280000000104337   70 
0.00040549999999939246   0.0006709000000029164   85 
0.0004545999999976402   0.0008597000000065691   100 
0.0006358999999918069   0.0013208000000020093   150 
0.0009298000000086404   0.001851500000000783   200 
0.0011065000000058944   0.0027894999999915626   250 
0.003611800000001608   0.004795799999996575   300 
0.00333129999999926   0.008736799999994105   400 
0.006195099999999343   0.013737599999998906   500 
0.013876500000009173   0.04449969999998871   750 
0.01857710000000168   0.04166229999999871   800 
0.037046499999988214   0.07516160000000127   950 
0.025591399999996156   0.07433129999999721   1000 
0.04662260000000629   0.11165739999999857   1250 
0.06695849999999837   0.14840629999999067   1400 
0.058058500000001345   0.18499889999999652   1500 
0.07084089999999321   0.30816260000000284   1650 
0.1100192999999905   0.42490620000000945   1850 
0.11736989999999992   0.4868945999999994   1950 
0.12702719999998635   0.48065560000000573   2000 
0.1736196000000092   0.7359153999999961   2400 
0.3409690000000012   2.0623535999999945   3300 
0.6942381000000069   4.511408000000003   4600 
0.8071348999999941   5.662467300000003   5000 
1.8710874000000075   19.147587799999982   7500 
3.8696779999999933   45.63468710000001   10000 
0.10277350000001206   0.10629289999999969   4 
8.95000000014079e-05   0.00037369999998304593   7 
5.659999999352294e-05   0.00017690000001380213   10 
0.00019929999999135362   0.00023350000000732507   20 
9.890000001178123e-05   0.0006094999999959327   50 
0.00019699999998579187   0.0010688000000129705   70 
0.0004223999999908301   0.001292599999999311   85 
0.0006934999999828051   0.0009118000000114534   100 
0.0010355999999944743   0.0017773000000147476   150 
0.0014750999999932901   0.005235099999993054   200 
0.0020901000000037584   0.0035924999999963347   250 
0.0033554999999978463   0.004883800000015981   300 
0.005218999999982543   0.007529300000015837   400 
0.003746299999988878   0.010081500000012511   500 
0.014422499999994898   0.033619100000009894   750 
0.01523679999999672   0.04562190000001465   800 
0.02795150000000035   0.06771000000000527   950 
0.03149659999999699   0.09922389999999837   1000 
0.04596189999998046   0.11443290000002548   1250 
0.061043699999999035   0.17194349999999758   1400 
0.05603659999999877   0.22127570000000674   1500 
0.10626419999999825   0.3123295999999982   1650 
0.13220339999998032   0.7300528000000099   1850 
0.17284879999999703   0.693347799999998   1950 
0.18176650000000905   0.7168719999999951   2000 
0.24132829999999217   1.2252982999999915   2400 
0.4691264000000217   2.413716099999988   3300 
0.800492399999996   6.208651099999997   4600 
0.8038390000000106   6.44746219999999   5000 
2.0648036000000047   18.29465289999999   7500 
3.7423754000000145   49.14615470000001   10000 
0.10865870000003497   0.0878551999999786   4 
6.270000000085929e-05   0.0002799000000095475   7 
4.0800000022045424e-05   0.00038640000002487795   10 
9.249999999383363e-05   0.0002653000000236716   20 
0.0004083000000036918   0.0005436000000145214   50 
0.0004475000000070395   0.0006387999999901695   70 
0.0003967999999758831   0.0008390000000417785   85 
0.00033860000002050583   0.0008334999999988213   100 
0.0007102999999801796   0.0012047000000166008   150 
0.001172399999973095   0.0016752000000224143   200 
0.001001599999995051   0.002710400000012214   250 
0.0011594000000059168   0.003308199999992212   300 
0.003826699999990524   0.00691370000004099   400 
0.004697099999987131   0.01035839999997279   500 
0.012992999999994481   0.03484170000001541   750 
0.020778599999971448   0.055698500000005424   800 
0.02911519999997836   0.0916328000000135   950 
0.03281149999997979   0.08936660000000529   1000 
0.04315270000000737   0.1539337000000387   1250 
0.05503479999998717   0.16672670000002654   1400 
0.06979330000001482   0.21808779999997796   1500 
0.08437879999996767   0.3126363000000083   1650 
0.11311219999998912   0.429056600000024   1850 
0.13786349999998038   0.5374012000000334   1950 
0.134533499999975   0.5282478999999967   2000 
0.19538629999999557   0.810001600000021   2400 
0.35871020000001863   2.40840129999998   3300 
0.7379286999999977   5.364505199999996   4600 
0.7812882999999715   6.190214900000001   5000 
1.8865255000000047   18.674765200000024   7500 
3.5106190999999853   38.85867480000002   10000 
0.09480849999999919   0.08411430000001019   4 
6.319999999959691e-05   0.0002853000000300199   7 
4.190000004200556e-05   0.0003189999999904103   10 
0.00023170000002892266   0.00029879999999593565   20 
0.00015319999999974243   0.0007877999999550411   50 
0.0003654999999866959   0.0007911000000149215   70 
0.0003502999999795975   0.0007721000000060485   85 
0.00037729999996827246   0.0008198000000447792   100 
0.000528299999984938   0.0012621000000194726   150 
0.0008690000000228792   0.0018607000000088192   200 
0.0009721000000126878   0.0025964000000158194   250 
0.001063700000031531   0.004052999999998974   300 
0.003599799999960851   0.006548600000030547   400 
0.0053450999999995474   0.01603499999998803   500 
0.013178700000025856   0.032648999999992157   750 
0.01812510000002021   0.03500349999995933   800 
0.02034510000004275   0.06217269999996233   950 
0.025544199999956163   0.07278999999999769   1000 
0.05173849999999902   0.1440529000000197   1250 
0.05730510000000777   0.19290439999997488   1400 
0.061380700000029265   0.22426259999997455   1500 
0.08381270000000995   0.3185395000000426   1650 
0.103106299999979   0.4533283000000097   1850 
0.11947529999997641   0.530786599999999   1950 
0.2213149999999473   0.7754620000000045   2000 
0.25409830000000966   1.2542108999999755   2400 
0.5215694999999982   2.509722199999999   3300 
0.713955100000021   5.897080499999959   4600 
0.9493597000000022   6.227165800000023   5000 
2.2976072999999815   19.31894010000002   7500 
3.4368643000000247   41.28368089999998   10000 
0.10606619999998657   0.09751670000002832   4 
6.0700000005908805e-05   0.0002869999999575157   7 
3.720000000839718e-05   0.00032299999998031126   10 
7.200000004559115e-05   0.0003962999999771455   20 
0.0003771000000369895   0.0004710999999701926   50 
0.0003778000000238535   0.0007478999999648295   70 
0.00038010000002941524   0.0011654999999564097   85 
0.0003222000000278058   0.0008388999999624502   100 
0.0004820000000336222   0.001058499999999185   150 
0.000823400000001584   0.001675700000021152   200 
0.0009279999999876054   0.00321800000000394   250 
0.001081600000020444   0.003669999999999618   300 
0.0045097000000282605   0.007828399999993962   400 
0.0060474999999655665   0.011946500000021842   500 
0.01621099999999842   0.04201829999999518   750 
0.017692399999987174   0.040387100000032206   800 
0.02241679999997359   0.07580330000001823   950 
0.023749500000008084   0.08095459999998411   1000 
0.039836600000001   0.11203649999998788   1250 
0.05366539999999986   0.15652080000000979   1400 
0.05972869999999375   0.179109799999992   1500 
0.07770579999998972   0.24015750000000935   1650 
0.09807119999999259   0.32883479999998144   1850 
0.10760349999998198   0.38801349999999957   1950 
0.1213958999999818   0.3957036000000471   2000 
0.18226110000000517   0.7157022000000097   2400 
0.33285960000000614   1.7431551999999897   3300 
0.6495540000000233   4.514501999999993   4600 
0.7587343999999803   5.612855500000023   5000 
1.8384836999999834   21.467293900000016   7500 
5.476604000000009   80.90204639999996   10000 
0.1441743000000315   0.11727299999995466   4 
8.909999996831175e-05   0.00041930000008960633   7 
6.159999998089916e-05   0.0005016000000068743   10 
0.00010620000000471919   0.0005717999999887979   20 
0.00010450000002037996   0.0006554999999934807   50 
0.0007659999999987122   0.000848300000029667   70 
0.0005114000000503438   0.000929899999960071   85 
0.0006025999999792475   0.0011494000000311644   100 
0.0006442999999762833   0.001701300000036099   150 
0.0012722999999823514   0.002327799999989111   200 
0.001257099999975253   0.004119800000012219   250 
0.0016036999999187174   0.005026300000054107   300 
0.005240200000002915   0.010196800000016992   400 
0.006824800000003961   0.02036359999999604   500 
0.01997479999999996   0.0471117999999251   750 
0.024058799999920666   0.06163420000007136   800 
0.036341600000014296   0.09433449999994536   950 
0.04478310000001784   0.09475869999994302   1000 
0.07206359999997858   0.17773490000001857   1250 
0.07443950000003952   0.27591069999994033   1400 
0.10186029999999846   0.29838230000007115   1500 
0.12000169999998889   0.41942170000004353   1650 
0.1599316000000499   0.6151138000000174   1850 
0.17846090000000459   0.6448357000000442   1950 
0.1941094000000021   0.708247599999936   2000 
0.27590140000006613   1.1729419999999209   2400 
0.4529886999999917   3.111007099999938   3300 
0.9776215000000548   8.030559599999947   4600 
1.196230499999956   9.709587100000022   5000 
2.803068499999995   34.367121699999984   7500 
5.047973400000046   61.7388107999999   10000 
0.10519030000000384   0.09239109999998618   4 
6.949999999505962e-05   0.0011531999999760956   7 
5.270000008295028e-05   0.00037159999999403226   10 
5.859999998847343e-05   0.0004984000000831657   20 
9.180000006381306e-05   0.00044570000000021537   50 
0.0003656000000091808   0.0006723999999849184   70 
0.0003516000000445274   0.0006269999998949061   85 
0.000477000000046246   0.000777499999912834   100 
0.0006027000000585758   0.001223600000002989   150 
0.0006324000000859087   0.0018876999999974942   200 
0.0010377999999491294   0.041613500000039494   250 
0.0015627999999878739   0.004112899999995534   300 
0.0036833999999998923   0.009290699999951357   400 
0.005561400000033245   0.009708399999908579   500 
0.015686500000015258   0.0422896000000037   750 
0.01883789999999408   0.036028700000088065   800 
0.028210199999989527   0.07187900000008085   950 
0.02618069999994077   0.07091990000003534   1000 
0.048459200000024794   0.12438919999999598   1250 
0.057099600000015016   0.15181670000004033   1400 
0.0616863000000194   0.1742005999999492   1500 
0.07431559999997717   0.24569469999994453   1650 
0.10067079999998896   0.34780620000003637   1850 
0.10478290000003199   0.3790447999999742   1950 
0.10815969999998742   0.4204080999999178   2000 
0.1742585000000645   0.7487179999999398   2400 
0.32244680000007975   1.6850277999999435   3300 
0.6740202000000863   4.947426599999972   4600 
0.8063250000000153   5.70859310000003   5000 
1.804337099999998   18.05301140000006   7500 
3.391928000000007   39.88896790000001   10000 
0.09901030000003175   0.10136199999999462   4 
6.289999998898566e-05   0.00027939999995396647   7 
3.870000000461005e-05   0.000331200000005083   10 
6.999999993695383e-05   0.0003971000001001812   20 
0.00014280000004873727   0.0005351999999447798   50 
0.00029510000001664594   0.0006051999999954205   70 
0.00043479999999362917   0.0008458999999447769   85 
0.0003906000000597487   0.000792599999954291   100 
0.0007986000000528293   0.0013466999999991458   150 
0.0010398000000577667   0.002604499999961263   200 
0.00118540000005396   0.0025398000000222964   250 
0.0015253000000257089   0.005376599999976861   300 
0.004217700000026525   0.007210800000052586   400 
0.004698299999972733   0.01209890000006908   500 
0.014170500000091124   0.03042629999993096   750 
0.016986599999995633   0.04772960000002513   800 
0.02455079999992904   0.06663650000007237   950 
0.03065969999988738   0.08206420000010439   1000 
0.04081820000010339   0.11708209999994779   1250 
0.04303389999995488   0.14276660000007269   1400 
0.05496729999993022   0.20218640000007326   1500 
0.07492039999999633   0.2574050000000625   1650 
0.09732259999998405   0.33669099999997343   1850 
0.10944879999999557   0.4185926999999765   1950 
0.11428929999999582   0.40701560000002246   2000 
0.16874350000000504   0.8116413000000193   2400 
0.3540998999999374   1.7484020000000555   3300 
0.6657301999999845   4.420730400000025   4600 
0.8022819999999911   5.829390999999987   5000 
1.8153072000000066   17.447127000000023   7500 
3.3116208000000142   52.51313689999995   10000 
0.15214579999997113   0.12593760000004295   4 
8.660000003146706e-05   0.0004116999999723703   7 
6.230000008144998e-05   0.00033710000002429297   10 
0.00044519999994463433   0.00044330000002901215   20 
0.00040310000008503266   0.0012246999999661057   50 
0.0008712000000059561   0.0016261999999187537   70 
0.0006938999999874795   0.0049717000000555345   85 
0.0006190999999944324   0.0049665000000231885   100 
0.0011066000000710119   0.0018987999999353633   150 
0.0010386000000153217   0.0031371000000035565   200 
0.0025542000000768894   0.004378999999971711   250 
0.0028982000000041808   0.0059823000000278626   300 
0.006116399999996247   0.011981399999967834   400 
0.008219199999984994   0.01845370000000912   500 
0.024204100000019935   0.05479000000002543   750 
0.024562199999991208   0.05899859999999535   800 
0.031937500000026375   0.10819770000000517   950 
0.0431128999999828   0.12029559999996309   1000 
0.05977980000000116   0.1858146999999235   1250 
0.08151759999998376   0.2424974000000475   1400 
0.08801479999999628   0.31816920000005666   1500 
0.11895340000000942   0.39663129999996727   1650 
0.15779480000003332   0.54307330000006   1850 
0.17571299999997336   0.6479012999999441   1950 
0.1788101000000779   0.6564710999999761   2000 
0.2559506000000056   1.1320127000000184   2400 
0.5132652000000917   2.7426783999999316   3300 
1.0039729999999736   7.6629641000000674   4600 
1.200207999999975   9.973853599999984   5000 
2.867073000000005   31.597401600000012   7500 
4.827816299999995   68.43882159999998   10000 
