Tiempo ensamblado [s]   Tiempo solucion [s]   Tamaño 
0.19795769999996082   0.688847399999986   4 
0.00027039999986300245   0.0019604999999955908   7 
0.0002406000000974018   0.07382429999984197   10 
0.023164700000052107   0.10792279999986931   20 
0.0009378999998261861   0.13580610000008164   50 
0.0017150999999557826   0.2534442000001036   70 
0.0015338999999130465   0.008197800000061761   85 
0.0018897999998443993   0.005276399999956993   100 
0.004405799999858573   0.06316889999993691   150 
0.006171300000005431   0.0072803999998996005   200 
0.005963899999869682   0.00638159999994059   250 
0.0036309999998138665   0.005570700000134821   300 
0.004254999999830034   0.005942100000083883   400 
0.00498499999980595   0.0081339000000753   500 
0.013981499999999869   0.03402249999999185   750 
0.018016499999930602   0.021437200000036682   800 
0.01904469999999492   0.029270100000076127   950 
0.027705900000000838   0.04047099999979764   1000 
0.034591399999953865   0.1721433000000161   1250 
0.08479050000005373   0.11247509999998329   1400 
0.053072100000008504   0.10008749999997235   1500 
0.0718738000000485   0.1825827999998637   1650 
0.0990962999999283   0.18979719999992994   1850 
0.11025259999996706   0.2221881000000394   1950 
0.14244140000005245   0.2738036999999167   2000 
0.19502160000001822   0.6317435999999361   2400 
0.35782190000008995   1.1086287000000539   3300 
0.7052361000000928   2.699254299999893   4600 
0.8844195000001491   2.61663139999996   5000 
1.8511085999998613   7.700248800000054   7500 
3.282858199999964   16.918671500000073   10000 
0.11400529999991704   0.0002471999998761021   4 
9.279999994760146e-05   0.0004926999999952386   7 
5.719999990105862e-05   0.00046750000001338776   10 
8.900000011635711e-05   0.00044809999985773175   20 
0.00016589999995630933   0.0005495000000337313   50 
0.000259199999845805   0.0007775999999921623   70 
0.0003497000000152184   0.0007004000001415989   85 
0.0003881000000092172   0.0008668000000398024   100 
0.0004338999999617954   0.0013463999998748477   150 
0.0008462999999210297   0.0014054000000669475   200 
0.0008817999998882442   0.002678099999911865   250 
0.0014748999999483203   0.0028136999999333057   300 
0.003722699999798351   0.004832800000031057   400 
0.004838000000063403   0.009038799999871117   500 
0.01499100000000908   0.01998150000008536   750 
0.018639899999925547   0.026143900000079157   800 
0.028274799999962852   0.04064640000001418   950 
0.028981600000179242   0.049375399999917136   1000 
0.045022000000017215   0.08993980000013835   1250 
0.05378140000016174   0.07642190000001392   1400 
0.06055719999994835   0.11932279999996354   1500 
0.07690699999989192   0.13142489999995632   1650 
0.09713130000000092   0.18792729999995572   1850 
0.1224566999999297   0.24127360000011322   1950 
0.11747540000010304   0.21717769999986558   2000 
0.1732059000000845   0.45204790000002504   2400 
0.3631566000001385   0.8316667999999936   3300 
0.6895348000000467   2.0192480999999134   4600 
0.8073374000000513   2.7535173999999643   5000 
1.97178729999996   8.31123300000013   7500 
3.7392470999998295   25.917822699999988   10000 
0.10806660000002921   0.0002458000001297478   4 
6.290000010267249e-05   0.00016839999989315402   7 
7.849999997233681e-05   0.00042750000011437805   10 
9.270000009564683e-05   0.0004655000000184373   20 
0.00025689999984024325   0.0005505000001448934   50 
0.0005349999998998101   0.0008787000001575507   70 
0.0003673999999591615   0.0008849000000736851   85 
0.0004136000000016793   0.000860400000192385   100 
0.0005762000000686385   0.0015058999999837397   150 
0.0008414999999786232   0.0016206000000238419   200 
0.0011927999998988525   0.0022323999999116495   250 
0.0014401999999336113   0.0031032000001687265   300 
0.0036704999999983556   0.004135099999984959   400 
0.00389380000001438   0.006405399999948713   500 
0.01312370000005103   0.025036499999941952   750 
0.019237499999917418   0.02128579999998692   800 
0.026886499999818625   0.05045530000006693   950 
0.028177799999866693   0.04498550000016621   1000 
0.040026099999977305   0.06004849999999351   1250 
0.04490499999997155   0.09122850000017024   1400 
0.06707110000002103   0.11905830000000606   1500 
0.07485989999986487   0.1487776000001304   1650 
0.09937059999992925   0.1999519999999393   1850 
0.10899549999999181   0.21847909999996773   1950 
0.11672249999992346   0.22648670000012316   2000 
0.1847490000000107   0.37177919999999176   2400 
0.3620806999999786   0.8568027999999686   3300 
0.7008687000000009   2.0022373000001608   4600 
0.7960358999998789   2.536961900000051   5000 
1.7998050000001058   7.402949699999908   7500 
3.332855799999834   16.952871300000197   10000 
0.10774000000014894   0.0002936999999292311   4 
6.409999991774384e-05   0.00017010000010486692   7 
5.390000001170847e-05   0.00018869999985327013   10 
6.12999999702879e-05   0.00018939999995382095   20 
0.00013799999987895717   0.0006084999999984575   50 
0.0005708000001050095   0.0006151999998564861   70 
0.0005198000001200853   0.0009708000000046013   85 
0.0004757999997764273   0.0011151000001063949   100 
0.0007960000000366563   0.0011435999999775959   150 
0.0009092000000237022   0.0019239000000652595   200 
0.0014095999999881315   0.001963000000159809   250 
0.0009078000000499742   0.0016312000000198168   300 
0.0024092000001019187   0.003856499999983498   400 
0.0036502000000382395   0.008756299999959083   500 
0.015364399999953093   0.017818799999986368   750 
0.015946499999927255   0.020938399999977264   800 
0.02573870000014722   0.032972399999835034   950 
0.02777179999998225   0.047909599999911734   1000 
0.04096860000004199   0.07791539999993802   1250 
0.047808300000042436   0.0763632000000598   1400 
0.0498357000001306   0.10646479999991243   1500 
0.08629230000019561   0.12607589999993252   1650 
0.09309030000008534   0.19781689999990704   1850 
0.10995450000018536   0.22478869999986273   1950 
0.12076999999999316   0.24563940000007278   2000 
0.16890489999991587   0.37999650000006113   2400 
0.36124199999994744   0.8602187000001322   3300 
0.7054576000000452   2.041582599999856   4600 
0.804160599999932   2.516319199999998   5000 
1.8246490999999878   7.503950100000111   7500 
3.2749257999998918   17.055592900000192   10000 
0.12446699999986777   0.00025190000019392755   4 
6.469999993896636e-05   0.00017079999997804407   7 
5.710000004910398e-05   0.00018890000001192675   10 
6.579999990208307e-05   0.00019220000012865057   20 
0.00021109999988766504   0.0005686000001787761   50 
0.0004252000001088163   0.0009352999998100131   70 
0.0003740999998171901   0.0008649999999761349   85 
0.0004065000000537111   0.0008066000000326312   100 
0.000544199999922057   0.0011962000000949047   150 
0.0007834999998976855   0.001592999999957101   200 
0.0008222999999816238   0.00222740000003796   250 
0.0011542999998255254   0.002423200000066572   300 
0.0029159999999137654   0.00402170000006663   400 
0.00372390000006817   0.007484399999839297   500 
0.015457499999911306   0.023356300000159536   750 
0.017801800000142975   0.02511370000001989   800 
0.03134390000013809   0.040827899999840156   950 
0.02629520000004959   0.04829259999996793   1000 
0.051094299999931536   0.08658349999996062   1250 
0.047036700000035125   0.09092009999994843   1400 
0.05295329999989917   0.09096840000006523   1500 
0.06630749999999352   0.12442630000009558   1650 
0.10232339999993201   0.19737410000016098   1850 
0.10498699999993732   0.2444061999999576   1950 
0.11230870000008508   0.2383279999999104   2000 
0.1732859000001099   0.350729900000033   2400 
0.38105700000005527   0.8914221999998517   3300 
0.7114712000000054   2.02777059999994   4600 
0.8255658999999014   2.555905100000018   5000 
1.847500699999955   7.54156050000006   7500 
3.3251192999998693   17.031133200000113   10000 
0.125214700000015   0.00024799999982860754   4 
6.43999999283551e-05   0.00017180000008920615   7 
5.469999996421393e-05   0.00018789999990076467   10 
6.150000012894452e-05   0.00018279999994774698   20 
7.350000009864743e-05   0.0002400999999281339   50 
0.00012230000015733822   0.0005610999999134947   70 
0.00013800000010633084   0.0008153999999649386   85 
0.00014779999992242665   0.000520900000083202   100 
0.00026149999985136674   0.0007613000000219472   150 
0.0005278999999518419   0.0010125999999672786   200 
0.0009499000000232627   0.0014186999999310501   250 
0.0010493999998288928   0.0018638999999893713   300 
0.003131499999881271   0.004189900000028501   400 
0.004831899999999223   0.008400100000017119   500 
0.01360290000002351   0.01808119999986957   750 
0.01836789999993016   0.022138700000141398   800 
0.03027280000014798   0.04589239999995698   950 
0.02913869999997587   0.042048499999964406   1000 
0.0416499999998905   0.0804192000000512   1250 
0.051296499999807565   0.08423950000019431   1400 
0.05567719999999099   0.09787359999995715   1500 
0.06982670000002145   0.17824100000007093   1650 
0.09405989999982012   0.21017700000015793   1850 
0.10677830000008726   0.22639239999989513   1950 
0.12021600000002763   0.23776859999998123   2000 
0.17546409999999923   0.3857888999998522   2400 
0.36495479999985037   0.9043395000001055   3300 
0.6949067999998988   1.9621693999999934   4600 
0.822525799999994   2.576162600000089   5000 
1.9822623000000021   7.648787999999968   7500 
3.3675170999999864   17.009961700000076   10000 
0.1067825999998604   0.0004011999999420368   4 
5.799999985356408e-05   0.00020360000007713097   7 
5.1100000064252526e-05   0.00045139999997445557   10 
0.0001391999999214022   0.00038800000015726255   20 
0.0001922999999806052   0.0007849999999507418   50 
0.000362799999948038   0.0007400000001780427   70 
0.0004036999998788815   0.0008749000000989327   85 
0.00037029999998594576   0.0008514999999533757   100 
0.0005486999998538522   0.0016550000000279397   150 
0.0007097000000158005   0.001616099999864673   200 
0.0008485000000746368   0.002241199999843957   250 
0.0012021000000004278   0.002754099999947357   300 
0.0039000000001578883   0.006210600000031263   400 
0.004220200000190744   0.0060982999998486775   500 
0.014031100000011065   0.0181291000001238   750 
0.015525000000025102   0.020445800000061354   800 
0.02516960000002655   0.04273619999980838   950 
0.029266799999959403   0.05555170000002363   1000 
0.04880260000004455   0.06184639999992214   1250 
0.05302879999999277   0.10872340000014447   1400 
0.05086129999995137   0.0967703999999685   1500 
0.07212219999996705   0.14844799999991665   1650 
0.1119036000000051   0.19384489999993093   1850 
0.10794160000000375   0.23894459999996798   1950 
0.10874809999995705   0.22535609999999906   2000 
0.1783880999998928   0.3506624000001466   2400 
0.3684544999998707   0.8782160000000658   3300 
0.6751246999999694   2.05033810000009   4600 
0.8032526000001781   2.635438099999874   5000 
1.8405821000001197   7.371946999999864   7500 
3.3489039000000957   16.885188900000003   10000 
0.09613020000006145   0.0005654999999933352   4 
5.790000000160944e-05   0.0003819000000930828   7 
6.579999990208307e-05   0.00041660000010779186   10 
8.019999995667604e-05   0.0003799000000981323   20 
0.00013779999994767422   0.0006897999999182503   50 
0.00040089999993142555   0.0007186999998793908   70 
0.00028100000008635106   0.0009156999999504478   85 
0.0004142000000229018   0.0008649999999761349   100 
0.0004427000001214765   0.001319599999987986   150 
0.0009305000000949804   0.001612099999874772   200 
0.001233800000136398   0.002528099999835831   250 
0.0011944999998831918   0.002750099999957456   300 
0.004133900000169888   0.00483499999995729   400 
0.004983799999990879   0.00855609999985063   500 
0.015869299999849318   0.021050199999990582   750 
0.019793299999946612   0.024879700000155935   800 
0.03136399999993955   0.041516799999953946   950 
0.02926500000012311   0.04960669999991296   1000 
0.046497700000145414   0.08537989999990714   1250 
0.05457190000015544   0.0854961000000003   1400 
0.05590310000002319   0.10412780000001476   1500 
0.07224569999993946   0.12296579999997448   1650 
0.09423089999995682   0.20974299999988943   1850 
0.1157944999999927   0.23488309999993362   1950 
0.11636459999999715   0.2162026999999398   2000 
0.18438500000002023   0.36981809999997495   2400 
0.3575530999999046   0.84833360000016   3300 
0.685546800000111   1.9955935000000409   4600 
0.7992016999999123   2.5155480999999327   5000 
1.8378975999999057   7.232932500000061   7500 
3.3890278999999737   16.919169199999942   10000 
0.11849839999990763   0.0002488000000084867   4 
6.339999981719302e-05   0.00017010000010486692   7 
5.60999999379419e-05   0.00018879999993259844   10 
8.500000012645614e-05   0.00021749999996245606   20 
9.660000000621949e-05   0.00037029999998594576   50 
0.00010529999985919858   0.00047270000004573376   70 
0.00017130000014731195   0.0006071999998766842   85 
0.00012649999985114846   0.000441900000168971   100 
0.0005423000000064349   0.0009453000000121392   150 
0.00046270000007098133   0.0008298999998714862   200 
0.0008032000000639528   0.0011856999999508844   250 
0.0008811999998670217   0.0015668000000914617   300 
0.0034100000000307773   0.0044487000000117405   400 
0.003761899999972229   0.006993300000203817   500 
0.0128121000000192   0.025443599999789512   750 
0.019340100000135863   0.03778579999993781   800 
0.031781200000068566   0.040318200000001525   950 
0.028782300000102623   0.04666130000009616   1000 
0.041718800000126066   0.08725129999993442   1250 
0.0559438999998747   0.09070300000007592   1400 
0.06294350000007398   0.10085980000008021   1500 
0.07185819999995147   0.1449952000000394   1650 
0.09378650000007838   0.20209169999998267   1850 
0.10754599999995662   0.22210070000005544   1950 
0.11181969999984176   0.2325897000000623   2000 
0.16824670000005426   0.40349960000003193   2400 
0.3818882000000485   0.8514838999999483   3300 
0.7246050999999625   2.0128855000000385   4600 
0.7824547000000166   2.622874700000011   5000 
1.8323285999999825   8.667808400000013   7500 
3.313270999999986   17.311804100000018   10000 
0.10487920000014128   0.0002934999999979482   4 
6.460000008701172e-05   0.00017219999995177204   7 
6.380000013450626e-05   0.0003128999999262305   10 
0.00015350000012404053   0.0004441999999471591   20 
0.00022290000015345868   0.0007693999998537038   50 
0.000434100000120452   0.0008316000000831991   70 
0.00037950000000819273   0.0008994999998321873   85 
0.00037229999998089625   0.0008713999998235522   100 
0.0007401000000299973   0.0011984000000211381   150 
0.0012877000001481065   0.0016114000000015949   200 
0.0016084999999748106   0.002388699999983146   250 
0.003229199999850607   0.0028945999999905325   300 
0.003976799999918512   0.004546000000118511   400 
0.005360399999972287   0.007131500000014057   500 
0.015188500000022032   0.02570719999994253   750 
0.019807099999979982   0.027792200000021694   800 
0.0318257999999787   0.03800180000007458   950 
0.027090600000065024   0.0441576000000623   1000 
0.04386559999989004   0.06087780000007115   1250 
0.046250300000110656   0.07571589999997741   1400 
0.05263270000000375   0.09312079999995149   1500 
0.07100790000004054   0.13676749999990534   1650 
0.09356389999993553   0.24758889999998246   1850 
0.10337359999994078   0.2374712000000727   1950 
0.1113001000001077   0.23879349999992883   2000 
0.16047669999989012   0.37142480000011346   2400 
0.34756540000012137   0.8793823000000884   3300 
0.6859475000001112   2.008282999999892   4600 
1.0038581999999678   2.738678400000026   5000 
1.871232799999916   7.622362900000098   7500 
3.3574737999999797   16.997065799999973   10000 
