Tiempo eigh[s]    Tamaño 
0.01887660000647884   3 
0.00025180001102853566   7 
0.0002899999963119626   10 
0.00027770000451710075   20 
0.0009003000013763085   50 
0.0015218000044114888   70 
0.0012879999994765967   85 
0.0016347000055247918   100 
0.0022669000027235597   150 
0.004810200000065379   200 
0.009247099995263852   250 
0.017520999987027608   300 
0.03328410000540316   400 
0.05578090000199154   500 
0.13329349999548867   750 
0.12489249999634922   800 
0.37402400000428315   950 
0.259400299997651   1000 
1.0490769000025466   1250 
0.7229451000021072   1300 
0.5880579999939073   1400 
0.8969150000048103   1500 
1.0783210999943549   1650 
1.6742383999953745   1850 
1.816858099991805   1950 
2.129095200012671   2000 
2.353608000004897   2100 
3.9846642000047723   2400 
9.15338969998993   3300 
23.900026300005266   4600 
27.88846660000854   5000 
0.016263299999991432   3 
0.00023659999715164304   7 
0.00016020001203287393   10 
0.0001832999987527728   20 
0.0004844999930355698   50 
0.000891500007128343   70 
0.00105489999987185   85 
0.0016812999965623021   100 
0.0027648000104818493   150 
0.009021200006827712   200 
0.00816800000029616   250 
0.011040600002161227   300 
0.024952600011602044   400 
0.04038109999964945   500 
0.13948499999241903   750 
0.26859790000889916   800 
0.2593588999880012   950 
0.2774885999970138   1000 
0.7486911000014516   1250 
0.518233800001326   1300 
0.615796500002034   1400 
0.8772701999987476   1500 
1.0745075000013458   1650 
1.6504356000077678   1850 
2.025441999998293   1950 
2.044340500011458   2000 
2.2936029999982566   2100 
3.3494301000027917   2400 
8.369354199996451   3300 
22.3853378000058   4600 
29.32743639999535   5000 
0.010710000002291054   3 
0.0001736999984132126   7 
8.679999154992402e-05   10 
0.00012460000289138407   20 
0.002771500003291294   50 
0.0008136000105878338   70 
0.001124400005210191   85 
0.001823999991756864   100 
0.00259869999717921   150 
0.0055474999971920624   200 
0.0073158000013791025   250 
0.0112267999938922   300 
0.02401520000421442   400 
0.0391585000033956   500 
0.1010631000099238   750 
0.1419049999967683   800 
0.27760180000041146   950 
0.35468769998988137   1000 
0.7725720000016736   1250 
0.49951800001144875   1300 
0.7947425000020303   1400 
0.8378034000052139   1500 
1.2425396000035107   1650 
1.8447395999974106   1850 
1.924953199995798   1950 
1.943199999994249   2000 
2.502873300007195   2100 
3.7740991999889957   2400 
8.74016770000162   3300 
22.288960599995335   4600 
28.73752660000173   5000 
0.027398999998695217   3 
0.00020750000840052962   7 
0.00014779999037273228   10 
0.0001917000045068562   20 
0.0012117000005673617   50 
0.00132530000701081   70 
0.0011556999961612746   85 
0.0012701999949058518   100 
0.002722500008530915   150 
0.0075936000066576526   200 
0.010369299998274073   250 
0.011018200006219558   300 
0.025515399989672005   400 
0.042594599988660775   500 
0.1026209999981802   750 
0.12740640000265557   800 
0.18803609999304172   950 
0.22342619999835733   1000 
0.5032312999974238   1250 
0.646174699999392   1300 
0.6341167999926256   1400 
0.8353418000042439   1500 
1.2120252000022447   1650 
1.600868299996364   1850 
1.981488100005663   1950 
1.9039500000071712   2000 
2.231886299996404   2100 
3.620709999988321   2400 
8.710723900003359   3300 
22.241960500003188   4600 
28.653494400001364   5000 
0.0158235999988392   3 
0.000259300009929575   7 
0.0002142000012099743   10 
0.00018450000789016485   20 
0.0005796999903395772   50 
0.002362100000027567   70 
0.0009976000001188368   85 
0.0010942000080831349   100 
0.0034624999971129   150 
0.007755200000246987   200 
0.009640399992349558   250 
0.013013599993428215   300 
0.02729399999952875   400 
0.032669299995177425   500 
0.14291760000924114   750 
0.13956779999716673   800 
0.2174624000035692   950 
0.2600010000023758   1000 
0.45115390000864863   1250 
0.8181661999988137   1300 
0.7898825000011129   1400 
0.9351707000023453   1500 
1.0431889000028605   1650 
1.6892812000005506   1850 
2.345557099994039   1950 
2.523290500001167   2000 
2.8306437999999616   2100 
3.677397099992959   2400 
8.411835299993982   3300 
24.5412600000127   4600 
27.917517800000496   5000 
0.014982900000177324   3 
0.00017309999384451658   7 
0.00011999999696854502   10 
0.00014439999358728528   20 
0.003070200007641688   50 
0.0009680999937700108   70 
0.001130899996496737   85 
0.0015591999981552362   100 
0.00354400000651367   150 
0.009918700001435354   200 
0.012794900001608767   250 
0.01941140000417363   300 
0.032361999998101965   400 
0.05856959999073297   500 
0.12037980000604875   750 
0.14329239999642596   800 
0.339365000007092   950 
0.41540749999694526   1000 
0.46218729999964125   1250 
0.5302488999877824   1300 
0.7054019999923185   1400 
0.7976289999933215   1500 
1.1570211999933235   1650 
1.5017963999998756   1850 
2.0451965000102064   1950 
2.0681569000007585   2000 
2.286159899987979   2100 
3.1255379999929573   2400 
9.643430399999488   3300 
21.30775770000764   4600 
28.72503840000718   5000 
0.01582219998817891   3 
0.00017919999663718045   7 
8.910000906325877e-05   10 
0.00011150000500492752   20 
0.00041480000072624534   50 
0.0006177000032039359   70 
0.0011229999945499003   85 
0.0012337999942246825   100 
0.00328030000673607   150 
0.0069887999998172745   200 
0.007154100007028319   250 
0.016378200001781806   300 
0.023973200004547834   400 
0.037609899998642504   500 
0.10874559999501798   750 
0.14096190000418574   800 
0.3452176000137115   950 
0.38748889999988023   1000 
0.6672528000053717   1250 
0.5635129000002053   1300 
1.015629200002877   1400 
0.9632407000026433   1500 
1.588896500004921   1650 
1.706898700009333   1850 
1.766858200004208   1950 
1.8744544999935897   2000 
2.2362844000017503   2100 
3.3923020999936853   2400 
8.342283699996187   3300 
21.990128999997978   4600 
27.82694410000113   5000 
0.014961199995013885   3 
0.0002570999931776896   7 
0.0001370999962091446   10 
0.0002479999966453761   20 
0.001019500006805174   50 
0.0011045999999623746   70 
0.001316699999733828   85 
0.0015152999985730276   100 
0.003308400002424605   150 
0.008359899991774   200 
0.011883099999977276   250 
0.01433000000542961   300 
0.02338289999170229   400 
0.04875409998930991   500 
0.11082570000144187   750 
0.14018539999960922   800 
0.22855500000878237   950 
0.24840189999667928   1000 
0.5260847000026843   1250 
0.5410275999893202   1300 
0.6210718999936944   1400 
0.9188175000017509   1500 
1.0386590999987675   1650 
1.663473199994769   1850 
1.9548462999955518   1950 
2.2193692000000738   2000 
2.3982341999944765   2100 
3.5223467000032542   2400 
9.957250499996007   3300 
22.409141299998737   4600 
27.868556499990518   5000 
0.01723189999756869   3 
0.00022500001068692654   7 
0.0001804999919841066   10 
0.00018370000179857016   20 
0.004393399998662062   50 
0.001037399997585453   70 
0.001285300008021295   85 
0.0015522999892709777   100 
0.002918500002124347   150 
0.007882399993832223   200 
0.007966799996211194   250 
0.019180300005245954   300 
0.024849299996276386   400 
0.042856700005359016   500 
0.12441530000069179   750 
0.16523729999607895   800 
0.40008140000281855   950 
0.2771565000002738   1000 
0.5066220000007888   1250 
0.6646793999971123   1300 
0.9782353000045987   1400 
0.8944479000056162   1500 
1.3020942000002833   1650 
1.5798853000014788   1850 
1.8225457999942591   1950 
1.9642338000121526   2000 
2.3664903000026243   2100 
3.50428720000491   2400 
8.59519469999941   3300 
21.95696460000181   4600 
30.160077499996987   5000 
0.01547030000074301   3 
0.0002406999992672354   7 
0.00015629999688826501   10 
0.0002069000038318336   20 
0.0005952999927103519   50 
0.0010547999991104007   70 
0.001508999994257465   85 
0.0014709999959450215   100 
0.0032734999986132607   150 
0.007834999996703118   200 
0.007250800001202151   250 
0.011554099997738376   300 
0.02112920000217855   400 
0.04026710000471212   500 
0.12472659999912139   750 
0.13958580000326037   800 
0.19859499999438412   950 
0.24264209999819286   1000 
0.5480236999865156   1250 
0.4948199999926146   1300 
0.60827729999437   1400 
1.1551700999989407   1500 
1.0031913999991957   1650 
1.6475244000030216   1850 
1.9075596000038786   1950 
2.238182799992501   2000 
2.6844760999956634   2100 
4.1432815000007395   2400 
8.381760299991583   3300 
22.8678390999994   4600 
28.594727100004093   5000 
