Tiempo eigh[s]    Tamaño 
0.017660500001511537   3 
0.00015999999595806003   7 
0.00022519999765791   10 
0.00016840000171214342   20 
0.00047500000800937414   50 
0.000744799996027723   70 
0.0008319999906234443   85 
0.003744300003745593   100 
0.0027572999970288947   150 
0.004363499989267439   200 
0.01201200000650715   250 
0.013172599996323697   300 
0.030976199996075593   400 
0.05111430000397377   500 
0.12640929999179207   750 
0.13279370000236668   800 
0.2167217999958666   950 
0.2727815000107512   1000 
1.4641585999925155   1250 
0.8287146999937249   1300 
0.8483929000067292   1400 
0.9167507999954978   1500 
1.3395722999994177   1650 
1.608445899997605   1850 
1.9306940999958897   1950 
1.8867138999921735   2000 
2.317737700010184   2100 
3.3295132000057492   2400 
8.299381599994376   3300 
21.834849100006977   4600 
27.796627000003355   5000 
0.016456999990623444   3 
0.0002344999957131222   7 
0.0005192000098759308   10 
0.00027010000485461205   20 
0.000443600001744926   50 
0.0005952000065008178   70 
0.0008482999983243644   85 
0.0015944000042509288   100 
0.005335900001227856   150 
0.0042212999978801236   200 
0.010404799992102198   250 
0.013860299994121306   300 
0.021555900006205775   400 
0.03964439999253955   500 
0.10389909999503288   750 
0.15463469999667723   800 
0.21435400001064409   950 
0.22626300000410993   1000 
0.41690620000008494   1250 
0.531375599995954   1300 
0.6718541000009282   1400 
0.8293237999896519   1500 
1.2116303999937372   1650 
1.6065042999980506   1850 
1.8298013000021456   1950 
2.0124906999990344   2000 
2.712318200006848   2100 
3.6176692999870284   2400 
8.245011499995599   3300 
21.963659400003962   4600 
26.89226979999512   5000 
0.017104899990954436   3 
0.00024280000070575625   7 
0.0001821999903768301   10 
0.0003023000026587397   20 
0.000672499998472631   50 
0.0008125999884214252   70 
0.0009901000012177974   85 
0.0010607000003801659   100 
0.008466400002362207   150 
0.004605599999194965   200 
0.009149199991952628   250 
0.016689199997927062   300 
0.030571299997973256   400 
0.049612899994826876   500 
0.3899076000088826   750 
0.14166709998971783   800 
0.2425877999921795   950 
0.24338189999980386   1000 
0.5407569000090007   1250 
0.5804150000039954   1300 
0.6706739999935962   1400 
0.7490496000100393   1500 
1.0750505000032717   1650 
1.525211699990905   1850 
1.866698699988774   1950 
2.0917149000015343   2000 
2.3767447999998694   2100 
3.3907648000022164   2400 
8.693569700000808   3300 
23.773531899991212   4600 
29.221809599999688   5000 
0.019384100000024773   3 
0.00027550000231713057   7 
0.00026869999419432133   10 
0.00020619999850168824   20 
0.0004808999947272241   50 
0.0013319999998202547   70 
0.0014389999996637926   85 
0.00274169999465812   100 
0.003011199994944036   150 
0.004972399998223409   200 
0.01482630000100471   250 
0.014579399998183362   300 
0.023733699999866076   400 
0.03989919999730773   500 
0.1163422000099672   750 
0.11581160000059754   800 
0.2623511999991024   950 
0.20010590000310913   1000 
0.4038930000097025   1250 
0.5090201999992132   1300 
0.8742854000010993   1400 
0.7149561999976868   1500 
1.3652055999991717   1650 
1.4645474999997532   1850 
1.673333900005673   1950 
2.2841610000032233   2000 
2.6530932000023313   2100 
3.369989099999657   2400 
7.680951200003619   3300 
21.69079180000699   4600 
27.782487399992533   5000 
0.02769360000093002   3 
0.00022329999774228781   7 
0.00020739999308716506   10 
0.0002612000098451972   20 
0.0006262999959290028   50 
0.004864699993049726   70 
0.0014983000000938773   85 
0.0015757999935885891   100 
0.0029169999907026067   150 
0.005506799992872402   200 
0.010720599995693192   250 
0.015171500010183081   300 
0.026580300007481128   400 
0.057628599999588914   500 
0.19122059999790508   750 
0.4394785999902524   800 
0.29437839999445714   950 
0.22050369999487884   1000 
0.43903740000678226   1250 
0.5692616999876918   1300 
0.7308418000029633   1400 
0.6862407000007806   1500 
1.3468001000001095   1650 
1.4488708000135375   1850 
1.6704260000115028   1950 
1.9312951000028988   2000 
2.325248199995258   2100 
3.2777161999983946   2400 
7.8852072000008775   3300 
22.722100800005137   4600 
27.44610699999612   5000 
0.014568500002496876   3 
0.0002201000024797395   7 
0.00013279999257065356   10 
0.0002209999947808683   20 
0.000549700009287335   50 
0.0017328999965684488   70 
0.0015366000006906688   85 
0.004901299995253794   100 
0.0031630000012228265   150 
0.00548049999633804   200 
0.011812100012321025   250 
0.015153700005612336   300 
0.033823000005213544   400 
0.036150300002191216   500 
0.10320009999850299   750 
0.1457782999932533   800 
0.3106132999964757   950 
0.24290250000194646   1000 
0.4559982999926433   1250 
0.4516358999971999   1300 
0.7042326999944635   1400 
0.7346598000003723   1500 
0.9458102000062354   1650 
1.5483810000005178   1850 
1.8236547999986215   1950 
1.9008073000004515   2000 
2.6023892000084743   2100 
3.737073299998883   2400 
7.9488027000043076   3300 
21.690777299998445   4600 
26.793517099999008   5000 
0.031560500006889924   3 
0.00020450000010896474   7 
0.0003563999925972894   10 
0.0002758999908110127   20 
0.013743400006205775   50 
0.004734299989650026   70 
0.0012220999924466014   85 
0.001586200000019744   100 
0.0036111000081291422   150 
0.0054358000052161515   200 
0.014336400010506622   250 
0.043496199999935925   300 
0.028741999994963408   400 
0.03959289999329485   500 
0.11788600000727456   750 
0.1402717000019038   800 
0.2390999999915948   950 
0.2875868000119226   1000 
0.5463477000012062   1250 
0.7250303000037093   1300 
0.7191292000061367   1400 
0.9967824000050314   1500 
0.9849775999900885   1650 
1.6010783999954583   1850 
1.8222972999938065   1950 
2.0079355999914696   2000 
2.0944741999992402   2100 
3.2806704999966314   2400 
8.132797400001436   3300 
22.125236500010942   4600 
26.7685075999907   5000 
0.02187519999279175   3 
0.000265499998931773   7 
0.0002862999972421676   10 
0.000288200011709705   20 
0.0005978999979561195   50 
0.0009257000056095421   70 
0.0011722999915946275   85 
0.002074400006677024   100 
0.002851800003554672   150 
0.00879480000003241   200 
0.011636299997917376   250 
0.013871600007405505   300 
0.02425030000449624   400 
0.03851300000678748   500 
0.12787789999856614   750 
0.22346140000445303   800 
0.2809428999898955   950 
0.2587787000084063   1000 
0.43912019999697804   1250 
0.5364087000052677   1300 
0.7448249000008218   1400 
0.8022501000086777   1500 
1.122973000005004   1650 
1.40825870000117   1850 
1.8607936000043992   1950 
2.0536438999988604   2000 
2.373879799997667   2100 
3.686665699991863   2400 
9.613088299985975   3300 
23.904157899989514   4600 
31.79301109998778   5000 
0.016592200001468882   3 
0.0003386000025784597   7 
0.00023469999723602086   10 
0.00025800000003073364   20 
0.000571600001421757   50 
0.0010248000035062432   70 
0.0009518000006210059   85 
0.0015434999950230122   100 
0.0030470999918179587   150 
0.005555700001423247   200 
0.011271499999566004   250 
0.01212610000220593   300 
0.026825599998119287   400 
0.03905989999475423   500 
0.12379840000357945   750 
0.15677600000344682   800 
0.31957490000058897   950 
0.3267447000107495   1000 
0.5993965999950888   1250 
0.5070125000056578   1300 
0.8056616000103531   1400 
1.0375939999939874   1500 
1.29301249999844   1650 
1.7503408000047784   1850 
2.1850875000091037   1950 
1.932651299997815   2000 
2.2731869000126608   2100 
4.330038600004627   2400 
9.876332400002866   3300 
23.250835500002722   4600 
31.632093399995938   5000 
0.043004899998777546   3 
0.0001979000080609694   7 
0.0003149999974993989   10 
0.0006422000005841255   20 
0.006100599988712929   50 
0.0024653000000398606   70 
0.008991599999717437   85 
0.0013988999999128282   100 
0.008174500006134622   150 
0.004242399998474866   200 
0.01404559999355115   250 
0.025180399999953806   300 
0.04567079999833368   400 
0.06032679999771062   500 
0.12504859999171458   750 
0.14714699999603909   800 
0.29450099999667145   950 
0.29737879999447614   1000 
0.5713995000114664   1250 
0.9093462000018917   1300 
0.8688523000018904   1400 
1.3613227000023471   1500 
1.377558099993621   1650 
1.8624821999983396   1850 
2.1208871999988332   1950 
2.2098435000079917   2000 
2.8405618999968283   2100 
3.431898700000602   2400 
9.003114399994956   3300 
23.626560700009577   4600 
30.042606199989677   5000 
