Tiempo eigh[s]    Tamaño 
0.02961509999295231   3 
0.00016410001262556762   7 
0.00016089998825918883   10 
0.00022060000628698617   20 
0.0005953000072622672   50 
0.001042599993525073   70 
0.0014888000005157664   85 
0.0018620000046212226   100 
0.0035531000030459836   150 
0.004156800001510419   200 
0.008459700009552762   250 
0.015149999991990626   300 
0.02295400000002701   400 
0.028509200012194924   500 
0.09646420000353828   750 
0.11549820000072941   800 
0.23257849999936298   950 
0.4247201000107452   1000 
0.7245055999956094   1250 
0.5820428000006359   1300 
0.7290184000012232   1400 
0.8625170000013895   1500 
1.1419439000019338   1650 
1.6407674000074621   1850 
1.828907800008892   1950 
2.0114372999960324   2000 
2.282768600009149   2100 
3.3596588999935193   2400 
8.422241699998267   3300 
21.65347940000356   4600 
27.502984500009916   5000 
0.022471199990832247   3 
0.0001644000003580004   7 
0.00011110000195913017   10 
0.000146100006531924   20 
0.00041280000004917383   50 
0.0006128999957581982   70 
0.0008144000021275133   85 
0.0013438000023597851   100 
0.0025499000039417297   150 
0.003935400003683753   200 
0.008687099994858727   250 
0.011118599999463186   300 
0.021583599998848513   400 
0.029647000003024004   500 
0.0997196999960579   750 
0.12819820000731852   800 
0.23510729998815805   950 
0.3727509000018472   1000 
0.6149124999938067   1250 
0.7070918999961577   1300 
0.7842541999998502   1400 
0.860763799995766   1500 
1.1780892999959178   1650 
1.6007041000120807   1850 
1.8473685000062687   1950 
2.1273135999945225   2000 
2.3356249000062235   2100 
3.31751439999789   2400 
8.345061699990765   3300 
21.764357200008817   4600 
27.022072699997807   5000 
0.031493899994529784   3 
0.0003319999959785491   7 
0.0002479999966453761   10 
0.0003208999987691641   20 
0.0005718000029446557   50 
0.0008860000089043751   70 
0.0013222999987192452   85 
0.001485000000684522   100 
0.0043738000094890594   150 
0.006398700003046542   200 
0.009080399991944432   250 
0.013414799992460757   300 
0.02623459999449551   400 
0.03406649999669753   500 
0.13474539999151602   750 
0.1658855000132462   800 
0.2796861999959219   950 
0.3111732999968808   1000 
0.5896151999913855   1250 
0.6082979000057094   1300 
0.7426493000093615   1400 
0.9546869000041625   1500 
1.2373399000061909   1650 
1.645138499996392   1850 
2.070935499999905   1950 
2.060997699998552   2000 
2.3265159000002313   2100 
3.4503281000070274   2400 
8.791306600003736   3300 
22.07949850001023   4600 
27.923298499998054   5000 
0.022601999997277744   3 
0.00018769998860079795   7 
0.00011100000119768083   10 
0.00014340000052470714   20 
0.000592500000493601   50 
0.0008974999946076423   70 
0.0013829999952577055   85 
0.001661899994360283   100 
0.003562400001101196   150 
0.00426549999974668   200 
0.006998800003202632   250 
0.010307699994882569   300 
0.019068900001002476   400 
0.029023600000073202   500 
0.10914339999726508   750 
0.1449992999987444   800 
0.21023180001066066   950 
0.2629585999966366   1000 
0.5854317999910563   1250 
0.679549099993892   1300 
0.8171870999940438   1400 
0.8807307999959448   1500 
1.2790000999957556   1650 
1.585190199999488   1850 
1.8840511000016704   1950 
2.0340594000008423   2000 
2.3302745999972103   2100 
3.37858089999645   2400 
8.40447690000292   3300 
21.481901299994206   4600 
27.90839660000347   5000 
0.02314730000216514   3 
0.0002772999869193882   7 
0.0002423999976599589   10 
0.0002902999985963106   20 
0.0004697999975178391   50 
0.0006966999935684726   70 
0.0011846000124933198   85 
0.002002699999138713   100 
0.0037277999945217744   150 
0.005311100001563318   200 
0.008796399997663684   250 
0.009465399998589419   300 
0.02000479999696836   400 
0.03497140000399668   500 
0.10922169999685138   750 
0.15255070000421256   800 
0.24940349999815226   950 
0.3046718999976292   1000 
0.5660934000043198   1250 
0.6027117000048747   1300 
0.6325101000111317   1400 
0.8822962999984156   1500 
1.1851909999968484   1650 
1.4869963999954052   1850 
1.7820712000102503   1950 
1.9367096000059973   2000 
2.1958982999931322   2100 
3.112204799996107   2400 
7.948865099999239   3300 
20.422733699990204   4600 
25.314054600006784   5000 
0.022913399996468797   3 
0.00015609999536536634   7 
0.00012599999899975955   10 
0.0001438000035705045   20 
0.0005788999987998977   50 
0.0009553999989293516   70 
0.001199799997266382   85 
0.0015952000103425235   100 
0.002829999997629784   150 
0.0047583999985363334   200 
0.006710300003760494   250 
0.009842600004049018   300 
0.019070400012424216   400 
0.028531999996630475   500 
0.1050764999963576   750 
0.1522592999972403   800 
0.24102050000510644   950 
0.30234130000462756   1000 
0.5736327000049641   1250 
0.5778291999886278   1300 
0.639477300006547   1400 
0.8598091000021668   1500 
1.138824299996486   1650 
1.5316052999987733   1850 
1.7581653999950504   1950 
1.9436940000014147   2000 
2.191748600002029   2100 
3.296531700005289   2400 
7.906218700009049   3300 
20.546058099993388   4600 
25.351065200011362   5000 
0.028263899992452934   3 
0.0001655999949434772   7 
0.00019049999536946416   10 
0.00015409999468829483   20 
0.0004434000002220273   50 
0.0006278000073507428   70 
0.0009620000055292621   85 
0.0015211000136332586   100 
0.0035748000082094222   150 
0.004838500011828728   200 
0.0073419000109424815   250 
0.011081299991928972   300 
0.022276999996392988   400 
0.03537470000446774   500 
0.12588309998682234   750 
0.13628050000988878   800 
0.24433350001345389   950 
0.2953566000069259   1000 
0.5886649000021862   1250 
0.7844269000052009   1300 
0.7799656999995932   1400 
1.1332005000003846   1500 
1.548973000011756   1650 
2.3219134000100894   1850 
2.353770000001532   1950 
2.3599004999996396   2000 
2.2202910999913   2100 
3.1442040000110865   2400 
8.226445299995248   3300 
20.67237759999989   4600 
25.905473400009214   5000 
0.03186940000159666   3 
0.0003167999966535717   7 
0.00019489999976940453   10 
0.00018709999858401716   20 
0.0007099000067682937   50 
0.00124379999761004   70 
0.0014814000023761764   85 
0.00262759999895934   100 
0.006608299998333678   150 
0.005694399995263666   200 
0.007605700011481531   250 
0.01462790000368841   300 
0.0208853999938583   400 
0.035925100004533306   500 
0.124288200007868   750 
0.13305429999309126   800 
0.24429740000050515   950 
0.3193124999961583   1000 
0.6209008000005269   1250 
0.6470503000018653   1300 
0.7763188000099035   1400 
0.8663013000041246   1500 
1.3502567000105046   1650 
1.657428099992103   1850 
1.8836396999977296   1950 
2.0537956000043778   2000 
2.299552099997527   2100 
3.1533070000004955   2400 
7.901825699998881   3300 
20.322673100003158   4600 
25.24389240000164   5000 
0.020242700004018843   3 
0.00015419999544974416   7 
0.00011249999806750566   10 
0.00013810000382363796   20 
0.0004994000046281144   50 
0.0007829999958630651   70 
0.0014365999959409237   85 
0.0015729000006103888   100 
0.0026344999932916835   150 
0.003950400001485832   200 
0.007055699999909848   250 
0.00950379999994766   300 
0.020511299997451715   400 
0.029594000006909482   500 
0.11338470000191592   750 
0.16696539999975357   800 
0.24970400000165682   950 
0.30909199999587145   1000 
0.6234820999961812   1250 
0.7281297000008635   1300 
0.7451977000018815   1400 
0.8829767999995966   1500 
1.1669759999931557   1650 
1.5771045000001322   1850 
1.7493286999961128   1950 
1.8656940999935614   2000 
2.144154099994921   2100 
3.131432499998482   2400 
7.858374200004619   3300 
20.284654999995837   4600 
26.729874899989227   5000 
0.02136929999687709   3 
0.00015029999485705048   7 
0.00011149999045301229   10 
0.00014309999824035913   20 
0.0003862000012304634   50 
0.000607299996772781   70 
0.0008208999934140593   85 
0.0013598999939858913   100 
0.002637700003106147   150 
0.006158399992273189   200 
0.009382599993841723   250 
0.013223000001744367   300 
0.019413900008657947   400 
0.030629100001533516   500 
0.09098870000161696   750 
0.1550738999940222   800 
0.21224150000489317   950 
0.2645935000036843   1000 
0.5334905000054277   1250 
0.5524709000019357   1300 
0.6468880000029458   1400 
0.8168290999892633   1500 
1.1379472999979043   1650 
1.5461462999955984   1850 
1.736749300005613   1950 
1.909242900001118   2000 
2.115518799997517   2100 
3.090372499995283   2400 
8.14723590000358   3300 
20.413197200003196   4600 
26.259262899999158   5000 
