Tiempo solve[s]    Tamaño 
0.002537699998356402   3 
1.5599987818859518e-05   7 
2.1799991372972727e-05   10 
2.8099995688535273e-05   20 
2.3300002794712782e-05   50 
5.029999010730535e-05   70 
6.679999933112413e-05   85 
9.90999978967011e-05   100 
7.54000066081062e-05   150 
0.00025510000705253333   200 
9.960000170394778e-05   250 
9.960000170394778e-05   300 
0.0009323000122094527   400 
0.00028639999800361693   500 
0.0018697999912546948   750 
0.0014212000096449628   800 
0.01034369999251794   950 
0.003065999990212731   1000 
0.005778099992312491   1250 
0.010887399999774061   1400 
0.004990199988242239   1500 
0.006265999996685423   1650 
0.010776800001622178   1850 
0.018507999993744306   1950 
0.013820599997416139   2000 
0.016766599990660325   2400 
0.04093419999117032   3300 
0.0715697999985423   4600 
0.09772839999641292   5000 
0.2399565999949118   7500 
0.34116340000764467   10000 
0.05454630000167526   3 
1.820000761654228e-05   7 
0.0006817999965278432   10 
2.3300002794712782e-05   20 
2.5600005756132305e-05   50 
9.26000066101551e-05   70 
3.2099997042678297e-05   85 
8.940001134760678e-05   100 
5.219999002292752e-05   150 
0.0005926000012550503   200 
0.00010859999747481197   250 
0.00011010000889655203   300 
0.0009846000029938295   400 
0.001184099994134158   500 
0.001444300010916777   750 
0.0017785999953048304   800 
0.002961399994092062   950 
0.0033441999985370785   1000 
0.004914100005407818   1250 
0.007990500002051704   1400 
0.007808999987901188   1500 
0.009574800002155825   1650 
0.014361699999426492   1850 
0.01091570001153741   1950 
0.011554400000022724   2000 
0.01812009999412112   2400 
0.0381267999910051   3300 
0.06852229998912662   4600 
0.08975260000443086   5000 
0.15861779999977443   7500 
0.3260632000019541   10000 
0.05426200000511017   3 
2.5200002710334957e-05   7 
1.5199999324977398e-05   10 
4.47999918833375e-05   20 
3.430001379456371e-05   50 
4.990000161342323e-05   70 
6.819999543949962e-05   85 
0.00012570001126732677   100 
0.0005425999988801777   150 
0.0002899999963119626   200 
0.0002021000109380111   250 
0.00030559999868273735   300 
0.0006963000050745904   400 
0.0005720000044675544   500 
0.005291800000122748   750 
0.0018666999967535958   800 
0.0024150999961420894   950 
0.0066140999988419935   1000 
0.004119699995499104   1250 
0.005979099994874559   1400 
0.00808889999461826   1500 
0.010170000008656643   1650 
0.013403399992967024   1850 
0.014560999989043921   1950 
0.012862699994002469   2000 
0.01918180000211578   2400 
0.03685550000227522   3300 
0.0690825999918161   4600 
0.10193989999243058   5000 
0.24121210000885185   7500 
0.32013300000107847   10000 
0.06779509999614675   3 
1.1100011761300266e-05   7 
1.0299991117790341e-05   10 
1.820000761654228e-05   20 
3.429999924264848e-05   50 
5.610000516753644e-05   70 
3.650000144261867e-05   85 
0.00012179999612271786   100 
0.00013479999324772507   150 
0.00043899999582208693   200 
0.00015449999773409218   250 
0.00023130000045057386   300 
0.0008604000031482428   400 
0.0013744000025326386   500 
0.0017708999948808923   750 
0.0021103000035509467   800 
0.0029381000058492646   950 
0.00283800000033807   1000 
0.0050967999995918944   1250 
0.006869600008940324   1400 
0.008726500003831461   1500 
0.009212400007527322   1650 
0.010708699992392212   1850 
0.01356770000711549   1950 
0.01318919999175705   2000 
0.01782539999112487   2400 
0.030306800006655976   3300 
0.059527899997192435   4600 
0.10393769999791402   5000 
0.17497599999478552   7500 
0.3071420000051148   10000 
0.06669870000041556   3 
1.2400007108226418e-05   7 
1.0799994925037026e-05   10 
1.3999990187585354e-05   20 
0.03513670001120772   50 
8.159999561030418e-05   70 
0.00011409999569877982   85 
0.0001120000088121742   100 
0.00021490000654011965   150 
0.0004015000013168901   200 
0.0003121999907307327   250 
0.0012962000037077814   300 
0.0006658999918727204   400 
0.0003971999976783991   500 
0.001894700006232597   750 
0.0020374000014271587   800 
0.002474299995810725   950 
0.0036975999973947182   1000 
0.00828360000741668   1250 
0.004690200003096834   1400 
0.006366000001435168   1500 
0.008413300005486235   1650 
0.013961200005724095   1850 
0.012757199991028756   1950 
0.01441369998792652   2000 
0.01802740000130143   2400 
0.03401880001183599   3300 
0.06944949999160599   4600 
0.09524800001236144   5000 
0.16074870000011288   7500 
0.2672055000002729   10000 
0.05350989999715239   3 
1.3500000932253897e-05   7 
1.3299999409355223e-05   10 
1.170000177808106e-05   20 
2.5999994250014424e-05   50 
9.719999798107892e-05   70 
5.470000905916095e-05   85 
4.9000009312294424e-05   100 
0.00013559999933931977   150 
0.0003436999977566302   200 
0.0008041999972192571   250 
0.0003260000084992498   300 
0.0011094999936176464   400 
0.0005923999997321516   500 
0.0015098000003490597   750 
0.00213870000152383   800 
0.0023427999985869974   950 
0.004629599992767908   1000 
0.004459300005692057   1250 
0.005550499990931712   1400 
0.005293900001561269   1500 
0.008846600001561455   1650 
0.010327500000130385   1850 
0.011190300007001497   1950 
0.011801500004366972   2000 
0.014099199994234368   2400 
0.027168800006620586   3300 
0.053854099998716265   4600 
0.08076409999921452   5000 
0.13890320000064094   7500 
0.2676370999979554   10000 
0.056038599999737926   3 
1.4999997802078724e-05   7 
1.9700004486367106e-05   10 
2.1500003640539944e-05   20 
3.310000465717167e-05   50 
5.3800002206116915e-05   70 
4.2400002712383866e-05   85 
0.0001218999968841672   100 
0.00015189999248832464   150 
0.0003141000051982701   200 
0.00013099999341648072   250 
0.0004034000012325123   300 
0.0010577999928500503   400 
0.00044350000098347664   500 
0.0011594000097829849   750 
0.001546200001030229   800 
0.0026282999897375703   950 
0.004348200003732927   1000 
0.0053773999970871955   1250 
0.006502599993837066   1400 
0.005030500004068017   1500 
0.008175099996151403   1650 
0.007678000009036623   1850 
0.010399100006907247   1950 
0.012608000004547648   2000 
0.040188599989051   2400 
0.026526699992245995   3300 
0.05528770000091754   4600 
0.07284870000148658   5000 
0.1426930000016   7500 
0.21290420000150334   10000 
0.05475049999949988   3 
1.4000004739500582e-05   7 
1.1099997209385037e-05   10 
4.650000482797623e-05   20 
2.4299995857290924e-05   50 
5.469999450724572e-05   70 
3.499999002087861e-05   85 
8.719999459572136e-05   100 
0.00032890000147745013   150 
0.0003324999997857958   200 
0.0002015999925788492   250 
0.0002007000002777204   300 
0.0007734999962849542   400 
0.0003591999993659556   500 
0.001494500000262633   750 
0.002542600006563589   800 
0.002278600004501641   950 
0.003488999995170161   1000 
0.004640099999960512   1250 
0.008205499994801357   1400 
0.006469800006016158   1500 
0.006003899994539097   1650 
0.008687000008649193   1850 
0.01100620000215713   1950 
0.0119781000103103   2000 
0.015473499996005557   2400 
0.028529799994430505   3300 
0.05111509999551345   4600 
0.06356619999860413   5000 
0.13769019999017473   7500 
0.2324454999907175   10000 
0.05312100000446662   3 
1.5600002370774746e-05   7 
1.3599987141788006e-05   10 
1.1500000255182385e-05   20 
4.84000047435984e-05   50 
5.149999924469739e-05   70 
3.57000099029392e-05   85 
0.0002229999954579398   100 
8.749999688006938e-05   150 
0.0002393000031588599   200 
0.00020280000171624124   250 
0.00017810000281315297   300 
0.000857699997141026   400 
0.0004744000034406781   500 
0.0014106000016909093   750 
0.0020572999928845093   800 
0.002998500000103377   950 
0.0032598999969195575   1000 
0.004167299994151108   1250 
0.004857899999478832   1400 
0.005914199995459057   1500 
0.007791700001689605   1650 
0.008740899997064844   1850 
0.008983099993201904   1950 
0.011385899997549132   2000 
0.013032600007136352   2400 
0.025978800011216663   3300 
0.04610839999804739   4600 
0.06407459999900311   5000 
0.1269581999949878   7500 
0.21705029999429826   10000 
0.052784600004088134   3 
1.1599986464716494e-05   7 
1.1199997970834374e-05   10 
9.799987310543656e-06   20 
0.030537999991793185   50 
5.509999755304307e-05   70 
4.549999721348286e-05   85 
0.00011320000339765102   100 
0.00020500000391621143   150 
0.00037379999412223697   200 
0.00021499999274965376   250 
0.0004003000067314133   300 
0.0008920999971451238   400 
0.00031770000350661576   500 
0.0013235000078566372   750 
0.0018456999969203025   800 
0.0023938000085763633   950 
0.0025064999936148524   1000 
0.004149700005655177   1250 
0.005488099996000528   1400 
0.0060683999909088016   1500 
0.006256399996345863   1650 
0.009849399997619912   1850 
0.010436099997605197   1950 
0.011555400007637218   2000 
0.014971299999160692   2400 
0.0232360000081826   3300 
0.04933389999496285   4600 
0.06426149999606423   5000 
0.1259072999964701   7500 
0.2360319999861531   10000 
