Tiempo eigh[s]    Tamaño 
0.36519090000365395   3 
0.0004917999904137105   7 
0.0003868999920086935   10 
0.00046159999328665435   20 
0.11032870000053663   50 
0.0409600999992108   70 
0.0020708000083686784   85 
0.0024141000030795112   100 
0.1357659000059357   150 
0.08374339999863878   200 
0.02068110000982415   250 
0.01602890000503976   300 
0.03372579999268055   400 
0.03691670000262093   500 
0.2284096000075806   750 
0.2693892999959644   800 
0.41406900000583846   950 
0.3481733000080567   1000 
0.6998598999925889   1250 
0.8959948999981862   1300 
1.025040699998499   1400 
1.3044166999898152   1500 
1.7925093000085326   1650 
2.8649793999938993   1850 
3.42370430000301   1950 
3.8618469000066398   2000 
3.959341999987373   2100 
5.572136100003263   2400 
13.234028999999282   3300 
34.48962290000054   4600 
43.11078770000313   5000 
0.03746379999211058   3 
0.000225800002226606   7 
0.00017269999079871923   10 
0.0002496000088285655   20 
0.0010448999964864925   50 
0.0013682999997399747   70 
0.001944299991009757   85 
0.004809599995496683   100 
0.005353200001991354   150 
0.008856300002662465   200 
0.022242200007895008   250 
0.0256325999944238   300 
0.026417400003992952   400 
0.06604019999213051   500 
0.20691099998657592   750 
0.305072500006645   800 
0.5016985999973258   950 
0.4575388000084786   1000 
0.8724476000061259   1250 
0.8594706000003498   1300 
1.1097676000063075   1400 
1.4636071000131778   1500 
2.0593660000013188   1650 
2.6734857999981614   1850 
2.9598243000073126   1950 
3.387960899999598   2000 
3.8751171999902   2100 
5.5044042999943485   2400 
13.302999300009105   3300 
40.171154800002114   4600 
47.011383200006094   5000 
0.03021959999750834   3 
0.0002451999898767099   7 
0.00018099999579135329   10 
0.00023009999131318182   20 
0.0006822000141255558   50 
0.0019945999956689775   70 
0.002575500009697862   85 
0.003090899990638718   100 
0.004538399996818043   150 
0.01060460000007879   200 
0.017145799996796995   250 
0.017962700003408827   300 
0.042683599996962585   400 
0.054776399992988445   500 
0.21075480000581592   750 
0.2708767000003718   800 
0.43159819999709725   950 
0.5803410000080476   1000 
1.0097056000086013   1250 
1.2331479000131367   1300 
1.2461744000029285   1400 
1.5432065000059083   1500 
2.205752699999721   1650 
2.8643077000015182   1850 
3.095277200001874   1950 
3.614085299996077   2000 
4.488652400003048   2100 
6.104565800007549   2400 
15.68665879999753   3300 
37.72731879999628   4600 
45.90956620000361   5000 
0.03216509999765549   3 
0.0009876999974949285   7 
0.0002535999956307933   10 
0.00026050000451505184   20 
0.0008126000029733405   50 
0.0009652000007918105   70 
0.004401400001370348   85 
0.001735700003337115   100 
0.011628799999016337   150 
0.008883100003004074   200 
0.008471300010569394   250 
0.023204600001918152   300 
0.04396360000828281   400 
0.1258525000012014   500 
0.2110443999990821   750 
0.273784600009094   800 
0.45214569999370724   950 
0.4729217999993125   1000 
1.0223471000063   1250 
1.0682355999888387   1300 
1.5962206999975024   1400 
1.7659085000050254   1500 
3.279774400012684   1650 
3.2727199000073597   1850 
3.191568800000823   1950 
3.331599400000414   2000 
4.737525499993353   2100 
6.0217804000130855   2400 
16.730310400002054   3300 
32.231434200002695   4600 
39.69143609999446   5000 
0.03323270000691991   3 
0.00016630000027362257   7 
0.00013420000323094428   10 
0.00018570000247564167   20 
0.0004020999913336709   50 
0.0006198000046424568   70 
0.0017417000053683296   85 
0.0011840000079246238   100 
0.0028649000014411286   150 
0.008999400000902824   200 
0.008327699993969873   250 
0.028955599991604686   300 
0.08404210000298917   400 
0.059957700010272674   500 
0.2686171000095783   750 
0.16999260000011418   800 
0.3360644000058528   950 
0.397536400007084   1000 
0.7757805000001099   1250 
0.9877448999905027   1300 
1.0488149000011617   1400 
1.303690300002927   1500 
2.05118599999696   1650 
2.930523400005768   1850 
2.8686059000028763   1950 
2.9051279999985127   2000 
3.5132248000008985   2100 
5.527916199993342   2400 
12.986126799994963   3300 
33.94079049999709   4600 
43.354174899999634   5000 
0.03028249999624677   3 
0.00017350001144222915   7 
0.00012040000001434237   10 
0.00014120001287665218   20 
0.00040299999818671495   50 
0.0018197999888798222   70 
0.000890600000275299   85 
0.001232399998116307   100 
0.002525999996578321   150 
0.006162900011986494   200 
0.006898899999214336   250 
0.012380599990137853   300 
0.0269451000058325   400 
0.034602300002006814   500 
0.12857800000347197   750 
0.17501029999402817   800 
0.7528593000024557   950 
1.274020400000154   1000 
1.0206120000075316   1250 
1.2113370999868494   1300 
1.6458142999908887   1400 
1.7125174999964656   1500 
2.161241299996618   1650 
3.443138899994665   1850 
3.601796500006458   1950 
3.3906602999923052   2000 
3.630096399996546   2100 
5.2220476000075   2400 
14.318093699999736   3300 
36.25060240000312   4600 
42.69225940000615   5000 
0.029788599989842623   3 
0.00023090001195669174   7 
0.0001736999984132126   10 
0.00041870000131893903   20 
0.0005683999916072935   50 
0.0007316999981412664   70 
0.0011766000097850338   85 
0.0011901999969268218   100 
0.0064467000047443435   150 
0.004116700001759455   200 
0.009988600009819493   250 
0.015053299997816794   300 
0.04945160000352189   400 
0.03868729999521747   500 
0.13479750000988133   750 
0.18482609999773558   800 
0.509426300006453   950 
0.421160099998815   1000 
0.7389259999908973   1250 
1.1940474000002723   1300 
0.9948535000003176   1400 
1.4327861000056146   1500 
2.191585699998541   1650 
3.2179489999980433   1850 
3.072898200000054   1950 
3.4252642999927048   2000 
3.949305700007244   2100 
5.658709199997247   2400 
14.18974519999756   3300 
38.07913479999115   4600 
44.31110370000533   5000 
0.03141219999815803   3 
0.0002459999959683046   7 
0.0003021999873453751   10 
0.00023469999723602086   20 
0.0007762000022921711   50 
0.0009443999879295006   70 
0.0011935000075027347   85 
0.003842400008579716   100 
0.0037121999921509996   150 
0.005291699999361299   200 
0.012267700003576465   250 
0.013872299998183735   300 
0.028620700002647936   400 
0.0357469000009587   500 
0.20765039999969304   750 
0.22838670000783168   800 
0.618821800002479   950 
0.5977098000003025   1000 
1.0457410000090022   1250 
0.9926187000091886   1300 
1.4399119000008795   1400 
1.7292673999909312   1500 
2.564669600003981   1650 
2.736348699996597   1850 
3.904424199994537   1950 
3.436297399995965   2000 
4.737349800008815   2100 
6.753710399992997   2400 
14.502872800003388   3300 
34.473970799997915   4600 
47.24028289999114   5000 
0.030245099987951107   3 
0.0002931000053649768   7 
0.00031259999377653003   10 
0.00022360000002663583   20 
0.0008621000015409663   50 
0.0010325999901397154   70 
0.0016143000102601945   85 
0.0046322999987751245   100 
0.00477750001300592   150 
0.006140600002254359   200 
0.009313500006101094   250 
0.015345300009357743   300 
0.030387299993890338   400 
0.043827200002851896   500 
0.19554629999038298   750 
0.26335090000065975   800 
0.6164966999931494   950 
0.5367134999978589   1000 
0.8369277999881888   1250 
1.163808199999039   1300 
2.212499899993418   1400 
1.8334043999930145   1500 
1.8344483999971999   1650 
2.4847206999984337   1850 
2.9771347999922   1950 
3.2967403000075137   2000 
3.889316900007543   2100 
6.489577400003327   2400 
14.03214769999613   3300 
37.59879869999713   4600 
45.20222739999008   5000 
0.026477899999008514   3 
0.0002604000037536025   7 
0.00017590000061318278   10 
0.0002305000089108944   20 
0.0006003000016789883   50 
0.0009073999972315505   70 
0.0014738000027136877   85 
0.0018217000033473596   100 
0.0038797000015620142   150 
0.003971900005126372   200 
0.010443799998029135   250 
0.01329450000775978   300 
0.021926799992797896   400 
0.04538280000269879   500 
0.18013179999252316   750 
0.231180900009349   800 
0.43600200000219047   950 
0.3687193999940064   1000 
0.7503610999992816   1250 
0.8910164999979315   1300 
0.9119119999959366   1400 
1.2852083000034327   1500 
1.5953522999916459   1650 
2.1493987000139896   1850 
2.7355870000028517   1950 
3.0907717000081902   2000 
3.5029935000056867   2100 
5.555118599993875   2400 
13.493001499999082   3300 
43.686059599989676   4600 
48.43516900000395   5000 
