Tiempo eigh[s]    Tamaño 
0.022601499993470497   3 
0.000309199996991083   7 
0.0003915999986929819   10 
0.00034699999378062785   20 
0.0007840000034775585   50 
0.0007200999971246347   70 
0.0010551000013947487   85 
0.0011672999971779063   100 
0.0023708000080659986   150 
0.006149999986519106   200 
0.007220999992568977   250 
0.011388099999749102   300 
0.02336440001090523   400 
0.03345190000254661   500 
0.10364660000777803   750 
0.12082930000906345   800 
0.36714990000473335   950 
0.3445854000019608   1000 
0.7610478999995394   1250 
0.9211593000072753   1300 
0.7882028000021819   1400 
0.9777213000052143   1500 
1.26219310000306   1650 
1.7231296000099974   1850 
1.8385376000078395   1950 
1.8044121999992058   2000 
2.0886401000025216   2100 
3.3787982999929227   2400 
8.831926600003499   3300 
21.753145199996652   4600 
26.22103220000281   5000 
0.013689600003999658   3 
0.0002367999986745417   7 
0.00017279999156016856   10 
0.00016830000095069408   20 
0.00048019998939707875   50 
0.0015294000040739775   70 
0.0013103999954182655   85 
0.0010455000010551885   100 
0.00394619999860879   150 
0.004865900002187118   200 
0.009756800005561672   250 
0.010288200006471016   300 
0.02302120000240393   400 
0.038274200007435866   500 
0.13210180000169203   750 
0.14017840000451542   800 
0.24135159999423195   950 
0.24558619999152143   1000 
0.43133140000281855   1250 
0.47281049999583047   1300 
0.6064280999999028   1400 
1.0219852000009269   1500 
1.0007615000067744   1650 
1.5128563000034774   1850 
1.9019220999907702   1950 
2.0506681999977445   2000 
2.5331666999991285   2100 
3.5938652999902843   2400 
9.222652099997504   3300 
20.426772199993138   4600 
26.922179400004097   5000 
0.0165156000002753   3 
0.0002700999903026968   7 
0.0002207000070484355   10 
0.00020000000949949026   20 
0.0007310999935725704   50 
0.0016321000002790242   70 
0.0015803999995114282   85 
0.002101799997035414   100 
0.007234899996547028   150 
0.0059708000044338405   200 
0.007454399994458072   250 
0.01292690000263974   300 
0.026378599999588914   400 
0.03788859999622218   500 
0.09491699999489356   750 
0.13382059999275953   800 
0.21509759999753442   950 
0.25055509999219794   1000 
0.4199579999985872   1250 
0.5148923999950057   1300 
0.7212651000008918   1400 
0.7479361000005156   1500 
1.2282795000064652   1650 
1.8300700000108918   1850 
2.1520412000099896   1950 
2.143827299994882   2000 
2.2215713000041433   2100 
3.2392631999973673   2400 
8.006067099995562   3300 
21.18748069999856   4600 
27.11590539998724   5000 
0.012014199994155206   3 
0.00024760000815149397   7 
0.00013179999950807542   10 
0.00023159998818300664   20 
0.0005699000030290335   50 
0.0018809999892255291   70 
0.0008301000052597374   85 
0.0011912000045413151   100 
0.002259899993077852   150 
0.004283600006601773   200 
0.0095393000083277   250 
0.011247200003708713   300 
0.0210159999987809   400 
0.033902700000908226   500 
0.09101630000805017   750 
0.13389399999869056   800 
0.2058104000025196   950 
0.22154119999322575   1000 
0.5701777000067523   1250 
0.5257084999902872   1300 
0.5611587000021245   1400 
0.8292322000052081   1500 
0.960922300000675   1650 
1.655002900006366   1850 
1.7267403000005288   1950 
1.874751399998786   2000 
2.2543121999915456   2100 
3.4664246999891475   2400 
9.12768849999702   3300 
22.104556499994942   4600 
26.696581600001082   5000 
0.013115699999616481   3 
0.00018390000332146883   7 
0.00014229999214876443   10 
0.00014500001270789653   20 
0.00040609999268781394   50 
0.0006066000059945509   70 
0.000890900002559647   85 
0.0010341999877709895   100 
0.0023273999977391213   150 
0.0056205000000773   200 
0.0072075000061886385   250 
0.011377100003301166   300 
0.021757700000307523   400 
0.0593016000057105   500 
0.1568495000101393   750 
0.13337229999888223   800 
0.18459280001115985   950 
0.21635349999996834   1000 
0.43149020000419114   1250 
0.5412389999983134   1300 
0.708561000006739   1400 
0.7541219999984605   1500 
1.2048008999990998   1650 
1.4768515000032494   1850 
1.6411340999911772   1950 
2.123882500003674   2000 
2.5457146000117064   2100 
3.525568099998054   2400 
8.234166599999298   3300 
22.789706199997454   4600 
25.78865250000672   5000 
0.0134018999960972   3 
0.00022879999596625566   7 
0.00024189999385271221   10 
0.0002077999961329624   20 
0.00041569999302737415   50 
0.0006007000047247857   70 
0.00083710000035353   85 
0.0011433000036049634   100 
0.002600499996333383   150 
0.004312100005336106   200 
0.009027000007336028   250 
0.012264999997569248   300 
0.02297550000366755   400 
0.03939590000663884   500 
0.10039429999596905   750 
0.14004069998918567   800 
0.20954310000524856   950 
0.3137018999987049   1000 
0.418513399999938   1250 
0.4632374999928288   1300 
0.5490700999944238   1400 
0.766996599995764   1500 
0.9511181999987457   1650 
1.5264991000003647   1850 
1.8284507999924244   1950 
1.8167250999977114   2000 
1.957683000000543   2100 
2.784571700001834   2400 
6.780719199989107   3300 
18.178053300012834   4600 
28.90619740000693   5000 
0.011922499994398095   3 
0.00025120000645983964   7 
0.00016889999096747488   10 
0.00019639999663922936   20 
0.000563299996429123   50 
0.0008497999951941893   70 
0.0009594000002834946   85 
0.0010607999865897   100 
0.00357879999501165   150 
0.005756300000939518   200 
0.009588599990820512   250 
0.010989299989887513   300 
0.02030249999370426   400 
0.04118949999974575   500 
0.1073888000100851   750 
0.17078859999310225   800 
0.23419409999041818   950 
0.20830410000053234   1000 
0.5103480000107083   1250 
0.5019282000139356   1300 
0.6448538999975426   1400 
0.7010882000031415   1500 
1.3494126000005053   1650 
1.5086393999954453   1850 
1.8221425999945495   1950 
2.1388447000063024   2000 
2.3656467999971937   2100 
3.214542400004575   2400 
7.44747539999662   3300 
20.190620199995465   4600 
26.188486999992165   5000 
0.013433500003884546   3 
0.000255300008575432   7 
0.0001824999926611781   10 
0.00017329999536741525   20 
0.0005722000059904531   50 
0.0010645000002114102   70 
0.001300399992032908   85 
0.0017430000007152557   100 
0.0031962000066414475   150 
0.0045304000086616725   200 
0.008128400004352443   250 
0.010083699991810136   300 
0.02207220000855159   400 
0.03601870000420604   500 
0.1008696999924723   750 
0.12488509999820963   800 
0.20895630000450183   950 
0.23653749999357387   1000 
0.5470888999989256   1250 
0.49349760000768583   1300 
0.5934497999987798   1400 
0.8765473999956157   1500 
0.9647782999963965   1650 
1.6657265000103507   1850 
1.8054150000098161   1950 
2.248851399999694   2000 
2.6554853999987245   2100 
2.979460400005337   2400 
7.7504878000036115   3300 
20.610110400011763   4600 
26.201004100003047   5000 
0.014700800005812198   3 
0.00020870000298600644   7 
0.00019579999207053334   10 
0.00017529999604448676   20 
0.0005385999975260347   50 
0.0011273999989498407   70 
0.0014708999951835722   85 
0.0017537999956402928   100 
0.002854899998055771   150 
0.007978000008733943   200 
0.008824100004858337   250 
0.01564340000913944   300 
0.025146500003756955   400 
0.036629700000048615   500 
0.11607390000426676   750 
0.1924107999948319   800 
0.26682370000344235   950 
0.31556640000781044   1000 
0.48630259999481495   1250 
0.6757387000106974   1300 
0.8567581999959657   1400 
0.7530083000019658   1500 
1.397952899991651   1650 
1.6690092999924673   1850 
1.8567083000089042   1950 
1.97015380000812   2000 
2.0764008999976795   2100 
3.0765608999936376   2400 
7.79866289999336   3300 
20.703635900004883   4600 
25.725752099999227   5000 
0.013938400006736629   3 
0.00015180000627879053   7 
0.00013929999840911478   10 
0.0001917000045068562   20 
0.00047039998753461987   50 
0.0007188000017777085   70 
0.002424799997243099   85 
0.0015427000034833327   100 
0.0027802999975392595   150 
0.0043880000011995435   200 
0.010473399990587495   250 
0.016753500007325783   300 
0.02832969999872148   400 
0.04714280000189319   500 
0.11784190000616945   750 
0.2639103999972576   800 
0.3072842999972636   950 
0.20713579999573994   1000 
0.4521697000018321   1250 
0.4739229999977397   1300 
0.8222825999982888   1400 
0.7037205000087852   1500 
1.0437878999946406   1650 
1.3101277999958256   1850 
2.0168798999948194   1950 
1.9310595999995712   2000 
2.2629211000021314   2100 
3.165655999997398   2400 
8.39177760000166   3300 
19.804521099998965   4600 
26.253068199992413   5000 
