Tiempo solve[s]    Tamaño 
0.001026600002660416   3 
0.0005457999941427261   7 
0.00035609999031294137   10 
0.0003972000122303143   20 
0.0036702999932458624   50 
0.0010621999972499907   70 
0.0012421999999787658   85 
0.004633399992599152   100 
0.0016834999987622723   150 
0.004854599988902919   200 
0.0020542999991448596   250 
0.001965899995411746   300 
0.005715599996619858   400 
0.00920590000168886   500 
0.01966770000581164   750 
0.02309070000774227   800 
0.04053620000195224   950 
0.04018140000698622   1000 
0.07028010000067297   1250 
0.0752617999969516   1400 
0.10126049999962561   1500 
0.15120269999897573   1650 
0.21447409999382216   1850 
0.26306969999859575   1950 
0.32799449999583885   2000 
0.3930155999987619   2400 
0.918945999990683   3300 
2.236088399993605   4600 
2.700630399995134   5000 
8.093258799999603   7500 
17.592855800001416   10000 
0.0002533999941078946   3 
0.0004163999983575195   7 
0.0004751999949803576   10 
0.00032800000917632133   20 
0.0007990000012796372   50 
0.00397510000038892   70 
0.0011648999934550375   85 
0.0035929000005126   100 
0.0019325000030221418   150 
0.002705099992454052   200 
0.002664100000401959   250 
0.0025464000063948333   300 
0.004304700007196516   400 
0.01385610000579618   500 
0.030484100003377534   750 
0.026806200010469183   800 
0.05720369999471586   950 
0.044812599997385405   1000 
0.06270589999621734   1250 
0.08643500000471249   1400 
0.09788539999863133   1500 
0.15539879999414552   1650 
0.19998669999768026   1850 
0.23101730000053067   1950 
0.2544674000091618   2000 
0.3958944999903906   2400 
0.8650379000027897   3300 
2.1349046000104863   4600 
2.6679346000018995   5000 
8.225685199999134   7500 
17.695668099986506   10000 
0.001000199990812689   3 
0.00047819998872000724   7 
0.0005390000005718321   10 
0.0003645999968284741   20 
0.0005036000075051561   50 
0.0013636000076076016   70 
0.0008082999993348494   85 
0.001989800002775155   100 
0.0014741000049980357   150 
0.0013615999923786148   200 
0.0022447999945143238   250 
0.0025391000090166926   300 
0.003970899997511879   400 
0.009621299992431886   500 
0.02116540000133682   750 
0.023437699986970983   800 
0.03477959999872837   950 
0.038053200012655   1000 
0.07778289999987464   1250 
0.10171239999181125   1400 
0.10035549999156501   1500 
0.14304120000451803   1650 
0.21778149998863228   1850 
0.22970080000231974   1950 
0.2550492000009399   2000 
0.3956095999892568   2400 
0.9428665000014007   3300 
2.230281500000274   4600 
2.7299516999919433   5000 
8.267282000000705   7500 
18.320557499988354   10000 
0.0004324000037740916   3 
0.00047060000360943377   7 
0.0004518000059761107   10 
0.0004366000066511333   20 
0.0012826000020140782   50 
0.0004991000023437664   70 
0.0005416000058175996   85 
0.0007377000001724809   100 
0.0010066999966511503   150 
0.002202600007876754   200 
0.0033550000080140308   250 
0.0021173999994061887   300 
0.004519499998423271   400 
0.00697240000590682   500 
0.019002599990926683   750 
0.027535100001841784   800 
0.04313879999972414   950 
0.035589499995694496   1000 
0.06424340000376105   1250 
0.08768279998912476   1400 
0.08392910000111442   1500 
0.14068219999899156   1650 
0.19716530000732746   1850 
0.24188620000495575   1950 
0.2546863999887137   2000 
0.3847449999884702   2400 
0.8878415999934077   3300 
2.3312639000068884   4600 
2.7831601000070805   5000 
8.00314879999496   7500 
17.669083700006013   10000 
0.0008435000054305419   3 
0.00048230000538751483   7 
0.0005610999942291528   10 
0.0005791000003227964   20 
0.0008645000052638352   50 
0.0031713999924249947   70 
0.0007301999867195264   85 
0.0008859999943524599   100 
0.0023708999942755327   150 
0.002633700001752004   200 
0.007393500010948628   250 
0.00396030000410974   300 
0.005123399998410605   400 
0.006246899996767752   500 
0.0231569000025047   750 
0.02220560000569094   800 
0.037938200010103174   950 
0.03800119999505114   1000 
0.08345989999361336   1250 
0.07564579999598209   1400 
0.1171673000062583   1500 
0.17297330001019873   1650 
0.2226172999944538   1850 
0.22736299999814946   1950 
0.24829590000445023   2000 
0.43467539999983273   2400 
0.9413394000002882   3300 
2.228518100004294   4600 
2.69023510000261   5000 
8.114255399996182   7500 
17.900503600001684   10000 
0.0005213999975239858   3 
0.0002641000028233975   7 
0.0006136000010883436   10 
0.0006710000016028062   20 
0.0008054999925661832   50 
0.0010829000093508512   70 
0.0009267999994335696   85 
0.0011166999902343377   100 
0.002991400004248135   150 
0.0021569999953499064   200 
0.003449499999987893   250 
0.004181399999652058   300 
0.008229000013670884   400 
0.004483800003072247   500 
0.021398800003225915   750 
0.024052900000242516   800 
0.032421900003100745   950 
0.03828619999694638   1000 
0.05855439999140799   1250 
0.08131150000554044   1400 
0.10769869999785442   1500 
0.15846700000111014   1650 
0.22228360000008252   1850 
0.2695019999955548   1950 
0.2631563000031747   2000 
0.42881430000124965   2400 
0.8777171999972779   3300 
2.2819883999909507   4600 
2.7935137000022223   5000 
8.052998500003014   7500 
17.345799799993983   10000 
0.00034679999225772917   3 
0.0005748999974457547   7 
0.0006646999972872436   10 
0.0006990000110818073   20 
0.0008239000017056242   50 
0.0010593000042717904   70 
0.0023197999980766326   85 
0.0020668999932240695   100 
0.0022997000050963834   150 
0.0028864999912912026   200 
0.00548190000699833   250 
0.004593399993609637   300 
0.005751699995016679   400 
0.007530600007157773   500 
0.02115649999177549   750 
0.021588399991742335   800 
0.043035600014263764   950 
0.04691160000220407   1000 
0.06383109999296721   1250 
0.09109689999604598   1400 
0.09196990000782534   1500 
0.14048349999939092   1650 
0.22684889999800362   1850 
0.23784899999736808   1950 
0.23600380000425503   2000 
0.3915741000091657   2400 
0.8926998000097228   3300 
2.197478099988075   4600 
2.759641799988458   5000 
8.781506499988609   7500 
19.697630199996638   10000 
0.0003281999961473048   3 
0.0002521999995224178   7 
0.001257299998542294   10 
0.0009159000037470832   20 
0.001007899991236627   50 
0.0010880000045290217   70 
0.0009625999955460429   85 
0.0033552000095369294   100 
0.0037022000033175573   150 
0.0032697999995434657   200 
0.003809799993177876   250 
0.00518559999181889   300 
0.007511400006478652   400 
0.008786799997324124   500 
0.03218169999308884   750 
0.028306100008194335   800 
0.04058880000957288   950 
0.03703269999823533   1000 
0.08218549999583047   1250 
0.08967789998860098   1400 
0.11548529998981394   1500 
0.15682469999592286   1650 
0.253758500010008   1850 
0.2956742999958806   1950 
0.261998499991023   2000 
0.5163003000052413   2400 
1.0374063999915961   3300 
2.474127399997087   4600 
2.8953230999904918   5000 
8.73922489999677   7500 
17.67607849999331   10000 
0.00044380000326782465   3 
0.0007268000044859946   7 
0.0008125000022118911   10 
0.0009790999902179465   20 
0.0010477000032551587   50 
0.00451739999698475   70 
0.0013846000074408948   85 
0.0019523000082699582   100 
0.0021437999967020005   150 
0.002500400005374104   200 
0.0034476000000722706   250 
0.003936000008252449   300 
0.0057705000072019175   400 
0.005667899997206405   500 
0.023920100007671863   750 
0.026369499988504685   800 
0.03402599999390077   950 
0.03184739999414887   1000 
0.07310309998865705   1250 
0.08212610000919085   1400 
0.1117616999981692   1500 
0.1464099000004353   1650 
0.2194028999947477   1850 
0.24678630000562407   1950 
0.2526837999903364   2000 
0.39325219999591354   2400 
0.8721525000000838   3300 
2.177813000002061   4600 
2.8104215000057593   5000 
8.351642800000263   7500 
17.53577889999724   10000 
0.0008320999913848937   3 
0.0005068999889772385   7 
0.0005698000022675842   10 
0.0005742000066675246   20 
0.001172100004623644   50 
0.001161000007414259   70 
0.002353799995034933   85 
0.0011260000028414652   100 
0.0024766999995335937   150 
0.004374800002551638   200 
0.006985600004554726   250 
0.0039394999912474304   300 
0.005373599997255951   400 
0.010441000005812384   500 
0.02467410000099335   750 
0.018079999994370155   800 
0.034161999996285886   950 
0.032659899996360764   1000 
0.07047890000103507   1250 
0.08476910000899807   1400 
0.10982310000690632   1500 
0.15217960000154562   1650 
0.20664180000312626   1850 
0.2506055000121705   1950 
0.2341359999991255   2000 
0.40750719999778084   2400 
0.9352235999976983   3300 
2.2387321000132943   4600 
2.8107504999934463   5000 
7.956011500005843   7500 
19.32817170000635   10000 
