Tiempo inversion[s]   Memoria[bytes]    Tamaño 
0.08340450000832789   16   1 
0.00026169998454861343   784   7 
0.00020979999681003392   1600   10 
0.0001858999894466251   6400   20 
0.00042749999556690454   40000   50 
0.0006514000124298036   78400   70 
0.0008781999931670725   115600   85 
0.000834999984363094   160000   100 
0.002330999996047467   360000   150 
0.0032642000005580485   640000   200 
0.0022917999885976315   1000000   250 
0.002722300007008016   1440000   300 
0.00918439999804832   2560000   400 
0.010568700003204867   4000000   500 
0.02878779999446124   9000000   750 
0.038594000012381   10240000   800 
0.06036200001835823   14440000   950 
0.09030380001058802   16000000   1000 
0.18568429999868385   25000000   1250 
0.20024889998603612   31360000   1400 
0.21524849999696016   36000000   1500 
0.26865290000569075   43560000   1650 
0.3762418999976944   54760000   1850 
0.4038671999878716   60840000   1950 
0.47655870000016876   64000000   2000 
0.7541145000141114   92160000   2400 
1.7964199999987613   174240000   3300 
4.49216890000389   338560000   4600 
5.799334599985741   400000000   5000 
18.74721890001092   900000000   7500 
41.86803840001812   1600000000   10000 
0.11469409998971969   16   1 
0.00025430001551285386   784   7 
0.00030419998802244663   1600   10 
0.00020549999317154288   6400   20 
0.0004621999978553504   40000   50 
0.0006311999750323594   78400   70 
0.0005545000021811575   115600   85 
0.0007756999984849244   160000   100 
0.0009381000127177685   360000   150 
0.0015565000066999346   640000   200 
0.0019905999943148345   1000000   250 
0.003941200004192069   1440000   300 
0.0060501999978441745   2560000   400 
0.013068600004771724   4000000   500 
0.03139399999054149   9000000   750 
0.03222009999444708   10240000   800 
0.059491699998034164   14440000   950 
0.06749580000177957   16000000   1000 
0.11051810000208206   25000000   1250 
0.16952650001621805   31360000   1400 
0.2331934999965597   36000000   1500 
0.3357538999989629   43560000   1650 
0.4131344000052195   54760000   1850 
0.43794099998194724   60840000   1950 
0.4319431000039913   64000000   2000 
0.7734778000158258   92160000   2400 
1.8268321999930777   174240000   3300 
4.472870600002352   338560000   4600 
5.786848800024018   400000000   5000 
18.114386500004912   900000000   7500 
42.39044940000167   1600000000   10000 
0.09233869999297895   16   1 
0.0002060999977402389   784   7 
0.0001331999956164509   1600   10 
0.0002052999916486442   6400   20 
0.001043199998093769   40000   50 
0.0005873999907635152   78400   70 
0.0008265999786090106   115600   85 
0.0008052000193856657   160000   100 
0.0013091999862808734   360000   150 
0.0017413999885320663   640000   200 
0.003065600001718849   1000000   250 
0.0037813999806530774   1440000   300 
0.004867300012847409   2560000   400 
0.01332850000471808   4000000   500 
0.032010700000682846   9000000   750 
0.033824299986008555   10240000   800 
0.056531499983975664   14440000   950 
0.09065249998820946   16000000   1000 
0.15141430002404377   25000000   1250 
0.2067543999874033   31360000   1400 
0.2396422000019811   36000000   1500 
0.27400869998382404   43560000   1650 
0.35785309999482706   54760000   1850 
0.4535965000104625   60840000   1950 
0.46245389999239706   64000000   2000 
0.781587599980412   92160000   2400 
1.8613959999929648   174240000   3300 
4.473008900007699   338560000   4600 
5.817202100006398   400000000   5000 
18.404605799994897   900000000   7500 
42.49945249999291   1600000000   10000 
0.09082429998670705   16   1 
0.00020989999757148325   784   7 
0.00012459998833946884   1600   10 
0.00014819999341852963   6400   20 
0.0006148999964352697   40000   50 
0.000536899984581396   78400   70 
0.0008151000074576586   115600   85 
0.000840499997138977   160000   100 
0.0010842000192496926   360000   150 
0.001213000010466203   640000   200 
0.001878799987025559   1000000   250 
0.0026421000075060874   1440000   300 
0.007369300001300871   2560000   400 
0.013178399996832013   4000000   500 
0.030399199982639402   9000000   750 
0.03401339999982156   10240000   800 
0.051357799995457754   14440000   950 
0.08665760001167655   16000000   1000 
0.14817579998634756   25000000   1250 
0.22913440002594143   31360000   1400 
0.23572159998002462   36000000   1500 
0.27646769999410026   43560000   1650 
0.36070469999685884   54760000   1850 
0.43228739997721277   60840000   1950 
0.44080559999565594   64000000   2000 
0.8036987999803387   92160000   2400 
1.9173699999810196   174240000   3300 
4.957428099995013   338560000   4600 
6.070139999996172   400000000   5000 
19.752132699999493   900000000   7500 
43.032326699991245   1600000000   10000 
0.10091239999746904   16   1 
0.00038640000275336206   784   7 
0.00013880000915378332   1600   10 
0.00019970000721514225   6400   20 
0.0004094999749213457   40000   50 
0.0007350000087171793   78400   70 
0.0006284000119194388   115600   85 
0.000601100007770583   160000   100 
0.0009738999942783266   360000   150 
0.0015668999985791743   640000   200 
0.001972900005057454   1000000   250 
0.003003499994520098   1440000   300 
0.007535599987022579   2560000   400 
0.01405009999871254   4000000   500 
0.03966060001403093   9000000   750 
0.03724259999580681   10240000   800 
0.0525373000127729   14440000   950 
0.09340149999479763   16000000   1000 
0.13464279999607243   25000000   1250 
0.15974980001919903   31360000   1400 
0.2353803999722004   36000000   1500 
0.2968844999850262   43560000   1650 
0.3983410999935586   54760000   1850 
0.42878899999777786   60840000   1950 
0.4489222999836784   64000000   2000 
0.7981805999879725   92160000   2400 
1.882346400001552   174240000   3300 
4.510472900001332   338560000   4600 
6.013899399986258   400000000   5000 
19.43102839999483   900000000   7500 
42.34296650000033   1600000000   10000 
0.08434380000107922   16   1 
0.00021739999647252262   784   7 
0.0001503000094089657   1600   10 
0.0003620999923441559   6400   20 
0.00030029998742975295   40000   50 
0.0006712999893352389   78400   70 
0.0007334999972954392   115600   85 
0.0008020999957807362   160000   100 
0.047761900001205504   360000   150 
0.0020241999882273376   640000   200 
0.002761300012934953   1000000   250 
0.0035552000044845045   1440000   300 
0.010116699995705858   2560000   400 
0.011611699999775738   4000000   500 
0.026617399998940527   9000000   750 
0.04875389998778701   10240000   800 
0.04939060000469908   14440000   950 
0.07454319999669679   16000000   1000 
0.1274695000029169   25000000   1250 
0.1963658999884501   31360000   1400 
0.2558207999973092   36000000   1500 
0.36515110000618733   43560000   1650 
0.4673647999879904   54760000   1850 
0.5215560999931768   60840000   1950 
0.5799200999899767   64000000   2000 
0.8423000999900978   92160000   2400 
1.8976873000210617   174240000   3300 
4.777114099997561   338560000   4600 
5.868862000002991   400000000   5000 
18.537856499984628   900000000   7500 
46.345201099989936   1600000000   10000 
0.0866976999968756   16   1 
0.00019459999748505652   784   7 
0.0002373000024817884   1600   10 
0.00018489998183213174   6400   20 
0.0002967999898828566   40000   50 
0.0006543000054080039   78400   70 
0.0007266000029630959   115600   85 
0.0008433999901171774   160000   100 
0.0013069999986328185   360000   150 
0.0018042000010609627   640000   200 
0.0025713999930303544   1000000   250 
0.003958200017223135   1440000   300 
0.006988100009039044   2560000   400 
0.012780600023688748   4000000   500 
0.04068330000154674   9000000   750 
0.04686599998967722   10240000   800 
0.0719264000072144   14440000   950 
0.08771729998989031   16000000   1000 
0.1695476999739185   25000000   1250 
0.24078950000694022   31360000   1400 
0.25391729999682866   36000000   1500 
0.3550929999910295   43560000   1650 
0.5089389999920968   54760000   1850 
0.5456902000005357   60840000   1950 
0.4726747999957297   64000000   2000 
0.8069303999945987   92160000   2400 
2.058347899990622   174240000   3300 
4.7957380000152625   338560000   4600 
6.066559600003529   400000000   5000 
18.36570260001463   900000000   7500 
41.64593579998473   1600000000   10000 
0.0854791000019759   16   1 
0.00024850000045262277   784   7 
0.0002812999882735312   1600   10 
0.0004608000162988901   6400   20 
0.0006105999927967787   40000   50 
0.000727800012100488   78400   70 
0.0007728000055067241   115600   85 
0.001033000007737428   160000   100 
0.0010705000022426248   360000   150 
0.001489500020397827   640000   200 
0.001963999995496124   1000000   250 
0.0026981999981217086   1440000   300 
0.005459300009533763   2560000   400 
0.01428699999814853   4000000   500 
0.03358250000746921   9000000   750 
0.03878809997695498   10240000   800 
0.052461600018432364   14440000   950 
0.08067429999937303   16000000   1000 
0.1418067000049632   25000000   1250 
0.21640609999303706   31360000   1400 
0.2427763000014238   36000000   1500 
0.3186208999832161   43560000   1650 
0.3872939999855589   54760000   1850 
0.42122839999501593   60840000   1950 
0.47994039999321103   64000000   2000 
0.754457300005015   92160000   2400 
1.8926091000030283   174240000   3300 
5.277165499981493   338560000   4600 
6.232558699994115   400000000   5000 
19.76492329998291   900000000   7500 
44.411855599988485   1600000000   10000 
0.11965589999454096   16   1 
0.0006033999961800873   784   7 
0.00042150000808760524   1600   10 
0.00023779997718520463   6400   20 
0.0006474000110756606   40000   50 
0.0008148000051733106   78400   70 
0.0007157000072766095   115600   85 
0.001418800005922094   160000   100 
0.00133790000109002   360000   150 
0.0031368000200018287   640000   200 
0.003928899997845292   1000000   250 
0.004241100017679855   1440000   300 
0.008277399989310652   2560000   400 
0.015185800002655014   4000000   500 
0.04684400002588518   9000000   750 
0.058821900020120665   10240000   800 
0.07883319997927174   14440000   950 
0.09468030001153238   16000000   1000 
0.17107490001944825   25000000   1250 
0.1879289000062272   31360000   1400 
0.1839394999842625   36000000   1500 
0.31673519997275434   43560000   1650 
0.44240739999804646   54760000   1850 
0.7771058999933302   60840000   1950 
0.5715095000050496   64000000   2000 
1.0455144999723416   92160000   2400 
2.5134061999851838   174240000   3300 
4.4886895999952685   338560000   4600 
5.778163899987703   400000000   5000 
18.125957900017966   900000000   7500 
42.90050399999018   1600000000   10000 
0.08548420001170598   16   1 
0.00021359999664127827   784   7 
0.00013219998800195754   1600   10 
0.0002128999913111329   6400   20 
0.00033820001408457756   40000   50 
0.0005777000042144209   78400   70 
0.0006043000030331314   115600   85 
0.0006336999940685928   160000   100 
0.0013270000054035336   360000   150 
0.0022990000143181533   640000   200 
0.0027080000145360827   1000000   250 
0.003819199977442622   1440000   300 
0.007376199995633215   2560000   400 
0.008885899995220825   4000000   500 
0.029777699994156137   9000000   750 
0.04785440000705421   10240000   800 
0.07717740000225604   14440000   950 
0.10238810000009835   16000000   1000 
0.1399712999991607   25000000   1250 
0.22360279998974875   31360000   1400 
0.2334182999911718   36000000   1500 
0.2756873000180349   43560000   1650 
0.36797540000407025   54760000   1850 
0.4070034999749623   60840000   1950 
0.43602279998594895   64000000   2000 
0.7986679000023287   92160000   2400 
1.7982220000121742   174240000   3300 
4.485676500014961   338560000   4600 
5.806385399977444   400000000   5000 
19.57535050000297   900000000   7500 
43.86625280001317   1600000000   10000 
