Tiempo inversion[s]   Memoria[bytes]    Tamaño 
0.05304110000724904   16   1 
0.00020910002058371902   784   7 
0.0001323999895248562   1600   10 
0.00019599997904151678   6400   20 
0.0006041000015102327   40000   50 
0.000767599995015189   78400   70 
0.0012445999891497195   115600   85 
0.0008043000125326216   160000   100 
0.0014741999912075698   360000   150 
0.0027815000212285668   640000   200 
0.0034900000027846545   1000000   250 
0.00719470001058653   1440000   300 
0.006641300016781315   2560000   400 
0.015535000013187528   4000000   500 
0.04691750000347383   9000000   750 
0.05199799998081289   10240000   800 
0.08583930000895634   14440000   950 
0.10633819998474792   16000000   1000 
0.17192409999552183   25000000   1250 
0.20941680000396445   31360000   1400 
0.24447299999883398   36000000   1500 
0.35147829999914393   43560000   1650 
0.5913504000054672   54760000   1850 
0.6996275999990758   60840000   1950 
0.7410096999956295   64000000   2000 
1.166441199980909   92160000   2400 
2.66626859997632   174240000   3300 
7.724382699991111   338560000   4600 
8.120121999992989   400000000   5000 
23.89644060001592   900000000   7500 
82.6101147000154   1600000000   10000 
0.15731340000638738   16   1 
0.0005009000014979392   784   7 
0.0006679999933112413   1600   10 
0.0007204000139608979   6400   20 
0.003497199999401346   40000   50 
0.001356099994154647   78400   70 
0.0014250999956857413   115600   85 
0.0011058000090997666   160000   100 
0.0016804999904707074   360000   150 
0.00644349999492988   640000   200 
0.004115399991860613   1000000   250 
0.005433699989225715   1440000   300 
0.011695399996824563   2560000   400 
0.021415600000182167   4000000   500 
0.058986299991374835   9000000   750 
0.06960640000761487   10240000   800 
0.1319454000040423   14440000   950 
0.13704890001099557   16000000   1000 
0.24170660000527278   25000000   1250 
0.32262920000357553   31360000   1400 
0.39091539999935776   36000000   1500 
0.5297633000009228   43560000   1650 
0.7205977000121493   54760000   1850 
0.912857699993765   60840000   1950 
0.9510636999912094   64000000   2000 
1.5483008000010159   92160000   2400 
3.772307400009595   174240000   3300 
9.912751399999252   338560000   4600 
12.312302600010298   400000000   5000 
38.43534769999678   900000000   7500 
84.3504888000025   1600000000   10000 
0.12745109997922555   16   1 
0.00045089999912306666   784   7 
0.0008276000153273344   1600   10 
0.0007155000057537109   6400   20 
0.0005670000100508332   40000   50 
0.0009207999974023551   78400   70 
0.0011300999904051423   115600   85 
0.0015377000090666115   160000   100 
0.0018551999819464982   360000   150 
0.0029218000127002597   640000   200 
0.005104599986225367   1000000   250 
0.0052967999945394695   1440000   300 
0.01106759998947382   2560000   400 
0.014850900013698265   4000000   500 
0.05957559999660589   9000000   750 
0.06379059999017045   10240000   800 
0.1062223999761045   14440000   950 
0.11294350001844577   16000000   1000 
0.20136570002068765   25000000   1250 
0.29854739998700097   31360000   1400 
0.3646672999893781   36000000   1500 
0.479028899979312   43560000   1650 
0.6504958999867085   54760000   1850 
0.8005091000231914   60840000   1950 
0.7919096999976318   64000000   2000 
1.3112513000087347   92160000   2400 
3.3869493000092916   174240000   3300 
8.100333899987163   338560000   4600 
11.446200999984285   400000000   5000 
38.60361130000092   900000000   7500 
89.4463768999849   1600000000   10000 
0.1497158000129275   16   1 
0.0003755000070668757   784   7 
0.00042039999971166253   1600   10 
0.0004934000025968999   6400   20 
0.000972100009676069   40000   50 
0.001219800004037097   78400   70 
0.0017451000167056918   115600   85 
0.0023560000117868185   160000   100 
0.0019005000067409128   360000   150 
0.0028051999979652464   640000   200 
0.0045202000183053315   1000000   250 
0.005073700012871996   1440000   300 
0.010426900000311434   2560000   400 
0.01923740000347607   4000000   500 
0.05575239998870529   9000000   750 
0.05866749997949228   10240000   800 
0.11525920001440682   14440000   950 
0.12039480000385083   16000000   1000 
0.2115600999968592   25000000   1250 
0.27952519999234937   31360000   1400 
0.3345811999752186   36000000   1500 
0.4588270999956876   43560000   1650 
0.6379597000195645   54760000   1850 
0.7098784999980126   60840000   1950 
0.7532213000231422   64000000   2000 
1.219959599984577   92160000   2400 
3.201681800012011   174240000   3300 
8.395870300009847   338560000   4600 
10.875073000002885   400000000   5000 
35.0654720000166   900000000   7500 
80.55305670000962   1600000000   10000 
0.11901160000707023   16   1 
0.0004862000059802085   784   7 
0.00035680001019500196   1600   10 
0.0003806000167969614   6400   20 
0.0011519000108819455   40000   50 
0.0009877000120468438   78400   70 
0.0015531999815721065   115600   85 
0.001124400005210191   160000   100 
0.001992600009543821   360000   150 
0.0025639999948907644   640000   200 
0.002682399994228035   1000000   250 
0.006141499994555488   1440000   300 
0.00890740001341328   2560000   400 
0.019250100012868643   4000000   500 
0.05335160001413897   9000000   750 
0.05948390002595261   10240000   800 
0.12649019999662414   14440000   950 
0.12501970000448637   16000000   1000 
0.2485877999861259   25000000   1250 
0.28682770000887103   31360000   1400 
0.35962730000028387   36000000   1500 
0.4834968000068329   43560000   1650 
0.6863906999933533   54760000   1850 
0.7451898000144865   60840000   1950 
0.8508304000133649   64000000   2000 
1.370805799990194   92160000   2400 
3.775454799993895   174240000   3300 
8.975168300006771   338560000   4600 
11.514849599974696   400000000   5000 
36.438647800008766   900000000   7500 
83.59467500000028   1600000000   10000 
0.13518019998446107   16   1 
0.0004419999895617366   784   7 
0.0005067999882157892   1600   10 
0.0008175999973900616   6400   20 
0.001261299999896437   40000   50 
0.0010309000208508223   78400   70 
0.004892800003290176   115600   85 
0.001476000004913658   160000   100 
0.001400600012857467   360000   150 
0.002939899975899607   640000   200 
0.006907700008014217   1000000   250 
0.006059100007405505   1440000   300 
0.013432799984002486   2560000   400 
0.01810670000850223   4000000   500 
0.06959749999805354   9000000   750 
0.07198410001001321   10240000   800 
0.1388054999988526   14440000   950 
0.13833919999888167   16000000   1000 
0.33020910000777803   25000000   1250 
0.33902849999140017   31360000   1400 
0.3956074999878183   36000000   1500 
0.5236633000022266   43560000   1650 
0.6774131999991369   54760000   1850 
0.8019656999967992   60840000   1950 
1.04536280001048   64000000   2000 
1.424045699997805   92160000   2400 
3.6274705000105314   174240000   3300 
9.334471500013024   338560000   4600 
12.26533609998296   400000000   5000 
37.94049169999198   900000000   7500 
84.47380180002074   1600000000   10000 
0.17140749999089167   16   1 
0.0002998999843839556   784   7 
0.00033290000283159316   1600   10 
0.0009193000150844455   6400   20 
0.0004835000145249069   40000   50 
0.0006920000014360994   78400   70 
0.0012920000008307397   115600   85 
0.001729200012050569   160000   100 
0.0012292999890632927   360000   150 
0.011172300000907853   640000   200 
0.0033620000176597387   1000000   250 
0.004007899988209829   1440000   300 
0.015645000006770715   2560000   400 
0.02312629998777993   4000000   500 
0.056827599997632205   9000000   750 
0.07727380000869744   10240000   800 
0.1107993999903556   14440000   950 
0.12535960000241175   16000000   1000 
0.24581650001346134   25000000   1250 
0.34997360000852495   31360000   1400 
0.3637019000016153   36000000   1500 
0.5602341000048909   43560000   1650 
0.6871020999969915   54760000   1850 
0.827231400005985   60840000   1950 
1.6175565000157803   64000000   2000 
1.8195971999957692   92160000   2400 
3.5230804000166245   174240000   3300 
9.280327500018757   338560000   4600 
11.143049800011795   400000000   5000 
36.01671039999928   900000000   7500 
84.4405565999914   1600000000   10000 
0.17859450000105426   16   1 
0.00033420001273043454   784   7 
0.00036100001307204366   1600   10 
0.0005844999977853149   6400   20 
0.0006836999964434654   40000   50 
0.027432999981101602   78400   70 
0.0013065000239294022   115600   85 
0.0009552999981679022   160000   100 
0.0017738000024110079   360000   150 
0.0034585000248625875   640000   200 
0.008575300016673282   1000000   250 
0.005723200010834262   1440000   300 
0.012677399994572625   2560000   400 
0.020205600012559444   4000000   500 
0.05324429998290725   9000000   750 
0.06941150000784546   10240000   800 
0.11368989999755286   14440000   950 
0.12488319998374209   16000000   1000 
0.22274909997940995   25000000   1250 
0.30253209997317754   31360000   1400 
0.3662844999926165   36000000   1500 
0.519668199995067   43560000   1650 
0.6900526999961585   54760000   1850 
0.8353333999984898   60840000   1950 
0.8550926999887452   64000000   2000 
1.4274328000028618   92160000   2400 
3.6148456999799237   174240000   3300 
8.932226099976106   338560000   4600 
11.129491600004258   400000000   5000 
36.8237634000252   900000000   7500 
82.35972160001984   1600000000   10000 
0.15180740001960658   16   1 
0.0004048999981023371   784   7 
0.0001855999871622771   1600   10 
0.0002476999943610281   6400   20 
0.0007205000147223473   40000   50 
0.0018727999995462596   78400   70 
0.0028762999863829464   115600   85 
0.006833000021288171   160000   100 
0.001809800014598295   360000   150 
0.0019137999915983528   640000   200 
0.0031565999961458147   1000000   250 
0.004792699997778982   1440000   300 
0.007000399986281991   2560000   400 
0.023969800007762387   4000000   500 
0.05804919998627156   9000000   750 
0.07392559997970238   10240000   800 
0.12376109999604523   14440000   950 
0.12257419998059049   16000000   1000 
0.2322404999868013   25000000   1250 
0.32086989999515936   31360000   1400 
0.3722770999884233   36000000   1500 
0.5062015000148676   43560000   1650 
0.6875260999950115   54760000   1850 
0.7912795000011101   60840000   1950 
0.841172699991148   64000000   2000 
1.4477293000090867   92160000   2400 
3.4232154000201263   174240000   3300 
9.07424269997864   338560000   4600 
11.229934100003447   400000000   5000 
36.63145010001608   900000000   7500 
82.41228859999683   1600000000   10000 
0.13347369999974035   16   1 
0.0003412000078242272   784   7 
0.0003656999906525016   1600   10 
0.0002874999772757292   6400   20 
0.0004227000172249973   40000   50 
0.001396199979353696   78400   70 
0.0026742999907583   115600   85 
0.0010523999808356166   160000   100 
0.0017655999981798232   360000   150 
0.0026991000049747527   640000   200 
0.007238999998662621   1000000   250 
0.013727899990044534   1440000   300 
0.013140099996235222   2560000   400 
0.031147000001510605   4000000   500 
0.054501400009030476   9000000   750 
0.054905799974221736   10240000   800 
0.12877140002092347   14440000   950 
0.12890549999428913   16000000   1000 
0.2526615000097081   25000000   1250 
0.3265413999906741   31360000   1400 
0.3525604999740608   36000000   1500 
0.49420349998399615   43560000   1650 
0.6458187999960501   54760000   1850 
0.7973812999844085   60840000   1950 
0.7949313000135589   64000000   2000 
1.3657059000106528   92160000   2400 
3.568016900011571   174240000   3300 
9.114421000005677   338560000   4600 
11.218401599995559   400000000   5000 
35.70310710000922   900000000   7500 
90.00645939999959   1600000000   10000 
