Tiempo inversion[s]   Memoria[bytes]    Tamaño 
0.08691209999960847   8   1 
0.00034210001467727125   392   7 
0.00021430000197142363   800   10 
0.0002823999966494739   3200   20 
0.0004890999989584088   20000   50 
0.0008695999858900905   39200   70 
0.0008496000082232058   57800   85 
0.0006297999934758991   80000   100 
0.001368400000501424   180000   150 
0.0017706000071484596   320000   200 
0.0021739999938290566   500000   250 
0.003066699980990961   720000   300 
0.005042100005084649   1280000   400 
0.008431299997027963   2000000   500 
0.020147399976849556   4500000   750 
0.025549400015734136   5120000   800 
0.03324280001106672   7220000   950 
0.04501149998395704   8000000   1000 
0.09512309997808188   12500000   1250 
0.10768259997712448   15680000   1400 
0.09384980000322685   18000000   1500 
0.1429409999982454   21780000   1650 
0.22644840000430122   27380000   1850 
0.23840540001401678   30420000   1950 
0.2667899999942165   32000000   2000 
0.3548047000076622   46080000   2400 
0.9992033000162337   87120000   3300 
2.384314099996118   169280000   4600 
2.9668907999875955   200000000   5000 
9.345715900009964   450000000   7500 
26.098807000002125   800000000   10000 
0.05767469998681918   8   1 
0.0002989000058732927   392   7 
0.00041870001587085426   800   10 
0.0003234000178053975   3200   20 
0.0007067999977152795   20000   50 
0.003660200018202886   39200   70 
0.0008277000160887837   57800   85 
0.0013107999984640628   80000   100 
0.003416999999899417   180000   150 
0.001672099984716624   320000   200 
0.002077299985103309   500000   250 
0.0030098999850451946   720000   300 
0.008464100013952702   1280000   400 
0.011215399979846552   2000000   500 
0.02267010000650771   4500000   750 
0.021866700000828132   5120000   800 
0.04544029998942278   7220000   950 
0.07451910001691431   8000000   1000 
0.11001450000912882   12500000   1250 
0.16012970000156201   15680000   1400 
0.16665719999582507   18000000   1500 
0.2615617999981623   21780000   1650 
0.3385493000096176   27380000   1850 
0.34373200000845827   30420000   1950 
0.23398690001340583   32000000   2000 
0.388187000004109   46080000   2400 
1.3627827000163961   87120000   3300 
2.7375953999871854   169280000   4600 
4.1917172000103164   200000000   5000 
12.861091099999612   450000000   7500 
27.23719680000795   800000000   10000 
0.04717770000570454   8   1 
0.00024690001737326384   392   7 
0.00017859999206848443   800   10 
0.0002832000027410686   3200   20 
0.0005550000059884042   20000   50 
0.0006924000044818968   39200   70 
0.0008733000140637159   57800   85 
0.0008863999973982573   80000   100 
0.0013595000200439245   180000   150 
0.0015903999737929553   320000   200 
0.0020300000032875687   500000   250 
0.0025836999993771315   720000   300 
0.003914900007657707   1280000   400 
0.006281700014369562   2000000   500 
0.016180200007511303   4500000   750 
0.016657999978633597   5120000   800 
0.03727719999733381   7220000   950 
0.039848299988079816   8000000   1000 
0.07561070000519976   12500000   1250 
0.09284949998254888   15680000   1400 
0.1536826999799814   18000000   1500 
0.197879000013927   21780000   1650 
0.23551100000622682   27380000   1850 
0.26824750000378117   30420000   1950 
0.27428549999604   32000000   2000 
0.40307600001688115   46080000   2400 
1.0287306999962311   87120000   3300 
3.3365413999999873   169280000   4600 
4.127495599997928   200000000   5000 
13.35878710000543   450000000   7500 
33.698926399985794   800000000   10000 
0.054615600005490705   8   1 
0.0004094999749213457   392   7 
0.00034940001205541193   800   10 
0.003751000011106953   3200   20 
0.0004532999882940203   20000   50 
0.0009854999952949584   39200   70 
0.0009110000100918114   57800   85 
0.0008391000155825168   80000   100 
0.001171100011561066   180000   150 
0.001499700010754168   320000   200 
0.001667100004851818   500000   250 
0.004696200019679964   720000   300 
0.004481700016185641   1280000   400 
0.01097279999521561   2000000   500 
0.019541799993021414   4500000   750 
0.020479500002693385   5120000   800 
0.038079399993875995   7220000   950 
0.0643022000149358   8000000   1000 
0.05939920002128929   12500000   1250 
0.07689089997438714   15680000   1400 
0.14036449999548495   18000000   1500 
0.1645319999952335   21780000   1650 
0.22129700001096353   27380000   1850 
0.2732648999954108   30420000   1950 
0.32289359997957945   32000000   2000 
0.486117499996908   46080000   2400 
1.2599728999775834   87120000   3300 
2.658283800003119   169280000   4600 
3.3636133999971207   200000000   5000 
10.629700699995738   450000000   7500 
23.615660999988904   800000000   10000 
0.05593020000378601   8   1 
0.00032500000088475645   392   7 
0.00024049999774433672   800   10 
0.0002869000018108636   3200   20 
0.00041629999759607017   20000   50 
0.0004163999983575195   39200   70 
0.0006181999924592674   57800   85 
0.0008633999968878925   80000   100 
0.003687600023113191   180000   150 
0.0015244000242091715   320000   200 
0.006085800006985664   500000   250 
0.002488199999788776   720000   300 
0.004501999996136874   1280000   400 
0.008230700012063608   2000000   500 
0.01531830002204515   4500000   750 
0.023168300016550347   5120000   800 
0.03473469999153167   7220000   950 
0.035809599998174235   8000000   1000 
0.057882399996742606   12500000   1250 
0.08006280002882704   15680000   1400 
0.09339579998049885   18000000   1500 
0.14508700001169927   21780000   1650 
0.19430550001561642   27380000   1850 
0.26181029999861494   30420000   1950 
0.23398079999606125   32000000   2000 
0.38803879998158664   46080000   2400 
0.9372620999929495   87120000   3300 
2.287066799995955   169280000   4600 
2.9645244000130333   200000000   5000 
9.635403800028143   450000000   7500 
22.23472129998845   800000000   10000 
0.053205200005322695   8   1 
0.0003383000148460269   392   7 
0.0003691999881993979   800   10 
0.0004318999999668449   3200   20 
0.0008042000117711723   20000   50 
0.0006715999916195869   39200   70 
0.00079420002293773   57800   85 
0.0011596000113058835   80000   100 
0.0020828999986406416   180000   150 
0.0017487999866716564   320000   200 
0.0026697000139392912   500000   250 
0.0029297000146470964   720000   300 
0.004892800003290176   1280000   400 
0.008246099983807653   2000000   500 
0.02412190000177361   4500000   750 
0.027563399984501302   5120000   800 
0.040378799982136115   7220000   950 
0.03893159999279305   8000000   1000 
0.07188730000052601   12500000   1250 
0.10688649999792688   15680000   1400 
0.14245739998295903   18000000   1500 
0.1768314999935683   21780000   1650 
0.24298700000508688   27380000   1850 
0.2814395000168588   30420000   1950 
0.2539382000104524   32000000   2000 
0.39175280000199564   46080000   2400 
0.9922199999855366   87120000   3300 
2.3645746000111103   169280000   4600 
3.0828750999935437   200000000   5000 
10.017151400010334   450000000   7500 
22.277608100004727   800000000   10000 
0.0424007999827154   8   1 
0.00033049998455680907   392   7 
0.00021170001127757132   800   10 
0.0005680999893229455   3200   20 
0.00032660001306794584   20000   50 
0.00048589997459203005   39200   70 
0.0005453000194393098   57800   85 
0.0007379000016953796   80000   100 
0.0008134999952744693   180000   150 
0.001250200002687052   320000   200 
0.001711999997496605   500000   250 
0.0029810999985784292   720000   300 
0.039910899999085814   1280000   400 
0.005619400006253272   2000000   500 
0.015329799993196502   4500000   750 
0.02112180000403896   5120000   800 
0.03338950002216734   7220000   950 
0.028428099991288036   8000000   1000 
0.05676189999212511   12500000   1250 
0.07845450000604615   15680000   1400 
0.14868729998124763   18000000   1500 
0.13663150000502355   21780000   1650 
0.23821669997414574   27380000   1850 
0.2310810000053607   30420000   1950 
0.23025170000619255   32000000   2000 
0.38138659999822266   46080000   2400 
0.9371384000114631   87120000   3300 
2.320591700001387   169280000   4600 
2.961339399975259   200000000   5000 
9.258729699999094   450000000   7500 
21.218317100021522   800000000   10000 
0.043148199998540804   8   1 
0.0003113000129815191   392   7 
0.0002373000024817884   800   10 
0.0002874000056181103   3200   20 
0.0004096999764442444   20000   50 
0.0005347999976947904   39200   70 
0.0007046000100672245   57800   85 
0.0006348000024445355   80000   100 
0.0009305000130552799   180000   150 
0.0013330999936442822   320000   200 
0.0018502000020816922   500000   250 
0.0030046000028960407   720000   300 
0.005315800022799522   1280000   400 
0.00960520000080578   2000000   500 
0.01997059999848716   4500000   750 
0.0154517000191845   5120000   800 
0.0336550000065472   7220000   950 
0.035886500001652166   8000000   1000 
0.0548232999863103   12500000   1250 
0.06875219999346882   15680000   1400 
0.10171459999401122   18000000   1500 
0.11982900000293739   21780000   1650 
0.21718320000218228   27380000   1850 
0.27409930000430904   30420000   1950 
0.23499950001132675   32000000   2000 
0.3793450999946799   46080000   2400 
0.905254600016633   87120000   3300 
2.2844348000071477   169280000   4600 
2.928270100004738   200000000   5000 
9.364513899985468   450000000   7500 
21.96285889999126   800000000   10000 
0.05376710000564344   8   1 
0.00027469999622553587   392   7 
0.00036380000528879464   800   10 
0.0003816999960690737   3200   20 
0.001126599992858246   20000   50 
0.00194240000564605   39200   70 
0.000891500007128343   57800   85 
0.001004199992166832   80000   100 
0.001337599998805672   180000   150 
0.0016429999959655106   320000   200 
0.005098599998746067   500000   250 
0.0048528999905101955   720000   300 
0.005735499988077208   1280000   400 
0.010947100003249943   2000000   500 
0.02604210001300089   4500000   750 
0.02635350002674386   5120000   800 
0.04405409999890253   7220000   950 
0.041602499986765906   8000000   1000 
0.1112122000195086   12500000   1250 
0.09530750001431443   15680000   1400 
0.11438079999061301   18000000   1500 
0.19522190000861883   21780000   1650 
0.2076119999983348   27380000   1850 
0.23850850001326762   30420000   1950 
0.2414375999942422   32000000   2000 
0.38181549997534603   46080000   2400 
1.1384471000055782   87120000   3300 
2.584847499994794   169280000   4600 
3.307805599994026   200000000   5000 
9.577154099999461   450000000   7500 
21.69527709999238   800000000   10000 
0.0572284999943804   8   1 
0.00031400000443682075   392   7 
0.0002342999796383083   800   10 
0.00028119998751208186   3200   20 
0.0004152999899815768   20000   50 
0.0005298999894876033   39200   70 
0.0006050000083632767   57800   85 
0.0006905000191181898   80000   100 
0.0009043999889399856   180000   150 
0.0013432000123430043   320000   200 
0.0017409000138286501   500000   250 
0.0030441000126302242   720000   300 
0.0049193000013474375   1280000   400 
0.007472299999790266   2000000   500 
0.023266100004548207   4500000   750 
0.015655199997127056   5120000   800 
0.033981199987465516   7220000   950 
0.03047369999694638   8000000   1000 
0.06771930001559667   12500000   1250 
0.08084650000091642   15680000   1400 
0.1357922999886796   18000000   1500 
0.1373244000133127   21780000   1650 
0.22760929999640211   27380000   1850 
0.26318509998964146   30420000   1950 
0.23470000000088476   32000000   2000 
0.45173430000431836   46080000   2400 
0.9469785999972373   87120000   3300 
2.353090099990368   169280000   4600 
3.0341723000165075   200000000   5000 
9.432259799999883   450000000   7500 
21.25885990000097   800000000   10000 
